0.050000000000000266
-0.2566666666666664
0.0033333333333334103
-0.2899999999999996
-0.18666666666666698
-0.2833333333333332
-0.2100000000000004
-0.1033333333333335
-0.22666666666666657
-0.09333333333333327
-0.1499999999999999
-0.27333333333333343
-0.19666666666666677
-0.3200000000000003
0.036666666666666625
-0.050000000000000266
-0.3233333333333337
-0.020000000000000018
-0.11333333333333329
-0.19333333333333336
-0.02666666666666684
0.020000000000000018
0.020000000000000018
0.16000000000000014
-0.023333333333333428
-0.029999999999999805
-0.046666666666666856
0.05333333333333323
0.07000000000000028
0.1466666666666665
0.15333333333333377
0.34333333333333327
0.32666666666666666
0.16666666666666652
0.21333333333333337
0.2799999999999998
0.3200000000000003
0.56
0.4600000000000004
0.5
0.34333333333333327
0.5366666666666666
0.22999999999999998
0.3666666666666667
0.009999999999999787
0.2533333333333334
0.40333333333333377
0.4166666666666665
0.3766666666666669
0.2833333333333332
0.40333333333333377
0.2899999999999996
0.5399999999999996
0.2899999999999996
0.4299999999999997
0.6033333333333335
0.3500000000000001
0.43333333333333357
0.4266666666666663
0.4266666666666663
0.5233333333333334
0.2366666666666668
0.16666666666666652
0.22666666666666657
0.31666666666666643
0.3999999999999999
0.45333333333333314
0.16999999999999993
0.34333333333333327
0.4266666666666663
0.2633333333333332
0.2533333333333334
0.13666666666666671
0.22999999999999998
0.13666666666666671
0.09333333333333327
0.15333333333333377
0.16666666666666652
0.029999999999999805
0.16333333333333355
0.036666666666666625
0.05333333333333323
0.21666666666666679
0.16333333333333355
0.20333333333333314
0.08666666666666645
0.12333333333333307
0.050000000000000266
0.029999999999999805
0.033333333333333215
-0.06000000000000005
-0.046666666666666856
-0.0033333333333334103
0.0
-0.07666666666666666
-0.08333333333333348
-0.08000000000000007
-0.08000000000000007
-0.08000000000000007
-0.046666666666666856
-0.046666666666666856
0.5666666666666664
0.436666666666667
0.6066666666666669
0.6066666666666669
0.5966666666666662
0.8300000000000001
0.8033333333333332
0.7200000000000002
0.7633333333333332
0.8966666666666665
0.6300000000000003
0.6333333333333333
1.33
1.173333333333333
1.043333333333334
1.083333333333333
1.33
1.206666666666666
0.9233333333333333
1.326666666666667
1.4033333333333333
1.3566666666666665
1.3533333333333335
1.4933333333333332
1.08
0.98
0.9900000000000002
1.126666666666667
0.9199999999999999
0.7133333333333334
0.936666666666667
0.6533333333333338
0.7566666666666664
0.8533333333333335
0.69
0.6266666666666669
0.686666666666667
0.7100000000000004
0.5533333333333332
0.73
0.7533333333333334
0.7466666666666666
0.5366666666666666
0.40666666666666673
0.5533333333333332
0.30000000000000027
0.4633333333333334
0.44999999999999973
0.6766666666666663
0.34666666666666623
0.27333333333333343
0.24333333333333362
0.09333333333333327
0.08000000000000007
0.18999999999999995
0.19666666666666677
0.06333333333333302
0.06000000000000005
0.10000000000000009
0.08333333333333348
0.1499999999999999
0.12333333333333307
0.07000000000000028
0.0733333333333337
0.07000000000000028
0.08000000000000007
0.11999999999999966
0.22666666666666657
0.16000000000000014
0.1766666666666663
0.1333333333333333
0.0733333333333337
0.16000000000000014
0.17333333333333334
0.08333333333333348
0.10666666666666691
0.1333333333333333
0.08000000000000007
0.043333333333333446
0.05333333333333323
0.0
0.05333333333333323
0.02666666666666684
0.08000000000000007
0.013333333333333197
0.01666666666666705
0.013333333333333197
0.05333333333333323
0.09333333333333327
-0.020000000000000018
-0.020000000000000018
0.0
0.05333333333333323
-0.020000000000000018
0.08000000000000007
-0.020000000000000018
0.013333333333333197
0.03999999999999959
-0.009999999999999787
0.013333333333333197
1.1566666666666672
1.2766666666666664
1.1399999999999997
1.0933333333333328
1.88
1.7866666666666662
1.8399999999999999
1.9733333333333336
1.88
1.7199999999999998
1.706666666666666
1.706666666666666
1.826666666666667
1.6399999999999997
1.5466666666666669
1.5200000000000005
1.3066666666666666
1.5599999999999996
1.4933333333333332
1.4400000000000004
1.3999999999999995
1.4533333333333331
1.3999999999999995
1.3466666666666667
1.1333333333333337
1.0133333333333328
1.08
1.0133333333333328
0.8666666666666667
0.8933333333333331
0.8800000000000003
0.9199999999999999
0.813333333333333
0.7733333333333334
0.8933333333333331
0.7200000000000002
0.9066666666666667
0.8666666666666667
0.8533333333333335
0.813333333333333
0.7866666666666666
0.7599999999999998
0.6266666666666669
0.8533333333333335
0.8666666666666667
0.9333333333333336
0.813333333333333
0.8533333333333335
0.7200000000000002
0.7066666666666666
0.7866666666666666
0.6999999999999997
0.44666666666666677
0.5433333333333334
0.5233333333333334
0.6400000000000001
0.5899999999999999
0.020000000000000018
0.046666666666666856
0.09666666666666623
0.2633333333333332
0.27
0.31000000000000005
-0.14000000000000012
-0.16999999999999993
0.17999999999999972
0.2633333333333332
0.31000000000000005
0.313333333333333
0.33999999999999986
0.3233333333333337
0.3999999999999999
0.3933333333333331
0.25
0.27
0.22999999999999998
0.3599999999999999
0.17999999999999972
0.30333333333333323
0.27
0.41999999999999993
0.17999999999999972
0.19999999999999973
0.25
0.3599999999999999
0.2799999999999998
0.3200000000000003
0.2799999999999998
0.3999999999999999
0.3599999999999999
0.3200000000000003
0.2400000000000002
0.19999999999999973
0.2400000000000002
0.16000000000000014
0.16000000000000014
0.16000000000000014
0.16000000000000014
0.16000000000000014
0.009999999999999787
-2.5
-2.466666666666667
-2.3666666666666667
-2.25
-2.1333333333333333
-2.033333333333333
-1.95
-1.8499999999999999
-1.8166666666666667
-1.8333333333333333
-1.6500000000000001
-0.6499999999999999
-0.7333333333333334
-0.75
-0.6999999999999997
-0.7166666666666668
-0.6000000000000001
-0.4166666666666665
-0.21666666666666679
-0.1499999999999999
-0.1333333333333333
0.06666666666666643
0.1499999999999999
0.4666666666666668
0.5
0.8000000000000003
0.8666666666666667
0.7833333333333332
0.8333333333333335
0.7833333333333332
0.8333333333333335
0.6499999999999999
0.8000000000000003
0.8999999999999999
0.8999999999999999
0.8999999999999999
0.9499999999999997
1.2000000000000002
-0.4666666666666668
-0.18333333333333357
-0.25
0.0
0.2833333333333332
0.3999999999999999
0.3666666666666667
0.7166666666666668
0.733333333333333
1.0166666666666666
1.2666666666666666
1.3833333333333337
1.5666666666666664
1.4833333333333334
-1.4000000000000001
-1.3833333333333335
-1.3
-1.2833333333333332
-1.2166666666666668
-1.2166666666666668
-1.1666666666666667
-1.1500000000000001
-1.1333333333333335
-1.1333333333333335
-1.1166666666666665
-1.1166666666666665
-1.0999999999999999
-1.0666666666666667
-1.05
-1.0333333333333332
-1.0333333333333332
-1.0333333333333332
-1.0333333333333332
-1.0333333333333332
-1.0333333333333332
-1.0166666666666666
-1.0166666666666666
-1.0166666666666666
-1.0166666666666666
1.7000000000000002
3.95
3.95
3.95
1.3833333333333337
1.4333333333333336
3.95
3.95
3.95
3.95
3.95
3.95
3.95
1.6833333333333336
1.8999999999999995
1.7999999999999998
2.05
2.1499999999999995
2.1499999999999995
2.3500000000000005
2.55
2.75
2.75
-1.4333333333333333
-1.4166666666666667
-1.3833333333333335
-1.3166666666666667
-1.2833333333333332
-1.2
-1.2166666666666668
-1.2166666666666668
-1.2
-1.2
-1.2
-1.1833333333333333
-1.1833333333333333
-1.1333333333333335
-1.1166666666666665
-1.0833333333333333
-1.0833333333333333
-1.05
-1.0333333333333332
-2.6666666666666665
-2.6666666666666665
-2.6666666666666665
-1.0333333333333332
-1.0333333333333332
-1.0333333333333332
-1.0333333333333332
-1.0333333333333332
-1.0333333333333332
-1.0166666666666666
-1.0
-1.0
-1.0
-2.6666666666666665
-2.6666666666666665
-2.6666666666666665
-2.6666666666666665
-2.6666666666666665
-2.6666666666666665
-2.6666666666666665
-2.6666666666666665
-1.0
-1.0
-1.0
-1.0
-1.0
-1.0
-1.0
-2.6666666666666665
-2.6666666666666665
-2.6666666666666665
-2.6666666666666665
-2.6666666666666665
-2.6666666666666665
-2.6666666666666665
-2.6666666666666665
-2.6666666666666665
-2.6666666666666665
-2.6666666666666665
-2.6666666666666665
-2.6666666666666665
-2.6666666666666665
-2.6666666666666665
-2.6666666666666665
-2.6666666666666665
-1.0
-1.0
-1.0
-1.0
-1.0
-1.0
-1.0
-1.0
-2.6666666666666665
-2.6666666666666665
-2.6666666666666665
-2.6666666666666665
-2.6666666666666665
-2.6666666666666665
-1.0
-1.0
-1.0
-2.6666666666666665
-2.6666666666666665
-2.6666666666666665
-2.6666666666666665
-2.6666666666666665
-2.6666666666666665
-2.6666666666666665
-2.6666666666666665
-2.6666666666666665
-2.6666666666666665
-2.6666666666666665
-2.6666666666666665
-2.6666666666666665
-2.6666666666666665
-2.6666666666666665
-2.6666666666666665
-2.6666666666666665
-2.6666666666666665
-2.6666666666666665
-1.0
-1.0
-1.0
-1.0
4.0
4.0
4.0
4.0
4.0
4.0
-1.0
-1.0
-1.0
-1.0
-1.0
-1.0
-1.0
-1.0
-1.0
-1.0
-1.0
-1.0
-1.0
-1.0
-1.0
-1.0
-1.0
-1.0
-1.0
-1.0
4.0
4.0
4.0
4.0
4.0
4.0
4.0
4.0
4.0
4.0
4.0
4.0
4.0
4.0
4.0
4.0
4.0
-1.0
-1.0
-1.0
-1.0
4.0
4.0
4.0
4.0
4.0
4.0
-1.0
-1.0
-1.0
-1.0
-1.0
-1.0
-1.0
-1.0
-1.0
-1.0
4.0
4.0
-1.0
-1.0
-1.0
-1.0
-1.0
-1.0
-1.0
-1.0
-1.0
-1.0
-1.0
-1.0
-1.0
4.0
4.0
4.0
4.0
-1.0
4.0
4.0
4.0
4.0
4.0
4.0
4.0
4.0
4.0
4.0
4.0
-1.0
-1.0
-1.0
-1.0
-1.0
-1.0
-1.0
-1.0
-1.0
-1.0
-1.0
-1.0
-1.0
-1.0
-1.0
-1.0
-1.0
-1.0
-1.0
-1.0
-1.0
-1.0
4.0
4.0
4.0
4.0
4.0
-1.0
-1.0
-1.0
-1.0
-1.0
4.0
4.0
4.0
4.0
4.0
4.0
4.0
4.0
4.0
4.0
4.0
4.0
4.0
4.0
-1.0
4.0
4.0
-1.0
-1.0
-1.0
-1.0
-1.0
-1.0
-1.0
-1.0
-1.0
-1.0
-1.0
-1.0
-1.0
-1.0
-1.0
-1.0
-1.0
-1.0
-1.0
-1.0
-1.0
-1.0
-1.0
-1.0
-1.0
-1.0
-1.0
-1.0
-1.0
-1.0
-1.0
4.0
4.0
4.0
4.0
4.0
4.0
4.0
4.0
4.0
4.0
4.0
4.0
4.0
-1.0
4.0
4.0
4.0
4.0
4.0
4.0
4.0
4.0
-2.6666666666666665
-2.6666666666666665
-2.6666666666666665
-2.6666666666666665
-2.6666666666666665
-2.6666666666666665
-2.6666666666666665
-2.6666666666666665
-2.6666666666666665
-2.6666666666666665
-2.6666666666666665
-2.6666666666666665
-2.6666666666666665
-2.6666666666666665
-1.0
-1.0
-1.0
-1.0
-1.0
-1.0
-1.0
-1.0
-1.0
-2.6666666666666665
-2.6666666666666665
-2.6666666666666665
-2.6666666666666665
-2.6666666666666665
-2.6666666666666665
-1.0
-2.6666666666666665
-2.6666666666666665
-2.6666666666666665
-2.6666666666666665
-2.6666666666666665
-2.6666666666666665
-2.6666666666666665
-2.6666666666666665
-2.6666666666666665
-2.6666666666666665
-2.6666666666666665
-2.6666666666666665
-2.6666666666666665
-2.6666666666666665
-1.0
-1.0
-1.0
-1.0
-1.0
-1.0
-1.0
-1.0
-1.0
-1.0
-1.0
-1.0
-1.0
-1.0
-1.0
-1.0
-1.0
-1.0
-1.0
-1.0
-1.0
-1.0
-1.0
-1.0
-1.0
-1.0
-1.0
-1.0
-1.0
-1.0
-1.0
-1.0
-1.0
-1.0
-1.0
-1.0
-1.0
-1.0
-2.6666666666666665
-2.6666666666666665
-2.6666666666666665
-1.0
-1.0
-2.6666666666666665
-2.6666666666666665
-2.6666666666666665
-2.6666666666666665
-2.6666666666666665
-2.6666666666666665
-1.0
-1.0
-1.0
-1.0
-1.0
-1.0
-1.0
-1.0
-1.0
-1.0
-1.0
-1.0
-1.0
-1.0
-1.0
-1.0
-1.0
-1.0
-1.0
-1.0
-2.6666666666666665
-2.6666666666666665
-2.6666666666666665
-2.6666666666666665
-1.0
-1.0
-1.0
-1.0
-1.0
-1.0
-1.0
-1.0
-1.0
-1.0
-1.0
-1.0
-2.6666666666666665
-2.6666666666666665
-2.6666666666666665
-2.6666666666666665
-2.6666666666666665
-2.6666666666666665
-2.6666666666666665
-2.6666666666666665
-2.6666666666666665
-2.6666666666666665
-2.6666666666666665
-2.6666666666666665
-2.6666666666666665
-1.0
-1.0
-1.0
-1.0
-1.0
-1.0
-1.0
-1.0
-1.0
-1.0
-1.0
-1.0
-1.0
-1.0
-1.0
-1.0
-1.0
-1.0
-1.0
-1.0
-1.0
-1.0
-1.0
-1.0
-1.0
-1.0
-1.0
-1.0
-1.0
-1.0
-1.0
-1.0
-1.0
-1.0
-1.0
-1.0
-1.0
-1.0
-1.0
-1.0
-1.0
-1.0
-1.0
-1.0
-1.0
-1.0
-1.0
-2.6666666666666665
-2.6666666666666665
-2.6666666666666665
-2.6666666666666665
-2.6666666666666665
-2.6666666666666665
-2.6666666666666665
-2.6666666666666665
-2.6666666666666665
-2.6666666666666665
-2.6666666666666665
4.0
4.0
-1.0
-1.0
-1.0
-1.0
-1.0
-1.0
4.0
4.0
4.0
4.0
4.0
4.0
4.0
4.0
4.0
-1.0
4.0
4.0
4.0
4.0
4.0
4.0
-1.0
-1.0
-1.0
-1.0
-1.0
-1.0
-1.0
-1.0
-1.0
-1.0
-1.0
-1.0
-1.0
-1.0
-1.0
4.0
4.0
4.0
4.0
4.0
4.0
4.0
4.0
-1.0
-1.0
-1.0
-1.0
-1.0
-1.0
-1.0
-1.0
4.0
4.0
4.0
4.0
4.0
4.0
4.0
4.0
4.0
4.0
-1.0
-1.0
-1.0
-1.0
-1.0
-1.0
-1.0
-1.0
-1.0
4.0
4.0
-1.0
4.0
4.0
4.0
4.0
-1.0
-1.0
-1.0
-1.0
-1.0
-1.0
-1.0
-1.0
-1.0
-1.0
-1.0
-1.0
-1.0
4.0
4.0
4.0
4.0
4.0
-1.0
-2.6666666666666665
-2.6666666666666665
-2.6666666666666665
-2.6666666666666665
-2.6666666666666665
-2.6666666666666665
-2.6666666666666665
-2.6666666666666665
-2.6666666666666665
-2.6666666666666665
-1.0
-1.0
-1.0
-1.0
-1.0
-1.0
-1.0
-1.0
-1.0
-2.6666666666666665
-2.6666666666666665
-2.6666666666666665
-2.6666666666666665
-2.6666666666666665
-2.6666666666666665
-2.6666666666666665
-2.6666666666666665
-1.0
-1.0
-2.6666666666666665
-2.6666666666666665
-2.6666666666666665
-2.6666666666666665
-2.6666666666666665
-2.6666666666666665
-2.6666666666666665
-2.6666666666666665
-2.6666666666666665
-2.6666666666666665
-2.6666666666666665
-2.6666666666666665
-2.6666666666666665
-2.6666666666666665
-2.6666666666666665
-2.6666666666666665
-2.6666666666666665
-2.6666666666666665
-2.6666666666666665
-2.6666666666666665
-2.6666666666666665
-2.6666666666666665
-2.6666666666666665
-2.6666666666666665
-2.6666666666666665
-2.6666666666666665
-2.6666666666666665
-2.6666666666666665
-2.6666666666666665
-2.6666666666666665
-2.6666666666666665
-2.6666666666666665
-2.6666666666666665
-2.6666666666666665
-2.6666666666666665
-2.6666666666666665
-2.6666666666666665
-2.6666666666666665
-2.6666666666666665
-2.6666666666666665
-1.0
-2.6666666666666665
-1.0
-1.0
-1.0
-1.0
-1.0
-1.0
-1.0
-1.0
-1.0
-1.0
-2.6666666666666665
-2.6666666666666665
-2.6666666666666665
-2.6666666666666665
-2.6666666666666665
-1.0
-1.0
-1.0
-1.0
-1.0
-1.0
-1.0
-2.6666666666666665
-2.6666666666666665
-2.6666666666666665
-2.6666666666666665
-2.6666666666666665
-2.6666666666666665
-2.6666666666666665
-1.0
-1.0
-1.0
-1.0
-1.0
-1.0
-1.0
-1.0
-1.0
-1.0
-1.0
-1.0
-1.0
-1.0
-1.0
-1.0
-1.0
-2.6666666666666665
-2.6666666666666665
-2.6666666666666665
-2.6666666666666665
-2.6666666666666665
-2.6666666666666665
-2.6666666666666665
-2.6666666666666665
-2.6666666666666665
-2.6666666666666665
-2.6666666666666665
-2.6666666666666665
-2.6666666666666665
-2.6666666666666665
-2.6666666666666665
-2.6666666666666665
-2.6666666666666665
-2.6666666666666665
-1.0
-1.0
-2.6666666666666665
-2.6666666666666665
-2.6666666666666665
-2.6666666666666665
-2.6666666666666665
-2.6666666666666665
-2.6666666666666665
-2.6666666666666665
-2.6666666666666665
-2.6666666666666665
-2.6666666666666665
-2.6666666666666665
-1.0
-1.0
-1.0
-1.0
-2.6666666666666665
-2.6666666666666665
-2.6666666666666665
-2.6666666666666665
-1.0
-1.0
-1.0
-1.0
-1.0
-1.0
-1.0
-1.0
-1.0
-1.0
-1.0
-1.0
-1.0
-1.0
-1.0
-1.0
-1.0
-1.0
-1.0
-1.0
-1.0
-1.0
-1.0
-1.0
-1.0
-1.0
-1.0
-1.0
-1.0
-1.0
-1.0
-1.0
-1.0
-1.0
-1.0
-1.0
-1.0
-1.0
-1.0
-1.0
-1.0
-1.0
-1.0
4.0
4.0
4.0
4.0
4.0
4.0
4.0
4.0
4.0
4.0
4.0
4.0
4.0
4.0
-1.0
-1.0
-1.0
-1.0
-1.0
-1.0
-1.0
-1.0
-1.0
-1.0
4.0
4.0
4.0
4.0
4.0
4.0
4.0
4.0
4.0
4.0
4.0
4.0
4.0
4.0
4.0
4.0
4.0
4.0
4.0
-1.0
-1.0
-1.0
-1.0
-1.0
-1.0
-1.0
-1.0
-1.0
-1.0
-1.0
-1.0
-1.0
4.0
4.0
4.0
4.0
4.0
4.0
-1.0
-1.0
-1.0
4.0
4.0
4.0
4.0
4.0
-1.0
-1.0
-1.0
-1.0
-1.0
-1.0
-1.0
-1.0
-1.0
4.0
4.0
4.0
-1.0
-1.0
-1.0
-1.0
-1.0
-1.0
-1.0
-1.0
-1.0
-1.0
-1.0
-1.0
-1.0
-1.0
-1.0
-1.0
-1.0
-1.0
-2.6666666666666665
-1.0
-1.0
-1.0
-1.0
-1.0
-2.6666666666666665
-2.6666666666666665
-2.6666666666666665
-1.0
-1.0
-1.0
-1.0
-1.0
-1.0
-1.0
-2.6666666666666665
-1.0
-1.0
-1.0
-1.0
-1.0
-1.0
-1.0
-1.0
-2.6666666666666665
-2.6666666666666665
-2.6666666666666665
-2.6666666666666665
-2.6666666666666665
-2.6666666666666665
-2.6666666666666665
-2.6666666666666665
-2.6666666666666665
-2.6666666666666665
-2.6666666666666665
-2.6666666666666665
-1.0
-1.0
-1.0
-1.0
-1.0
-1.0
-1.0
-1.0
-1.0
-1.0
-1.0
-1.0
-1.0
-1.0
-1.0
-1.0
-1.0
-1.0
-1.0
-1.0
-1.0
-1.0
-1.0
-1.0
-1.0
-1.0
-1.0
-1.0
-1.0
-1.0
-1.0
-1.0
-1.0
-1.0
-1.0
-1.0
-1.0
-1.0
-1.0
-1.0
-1.0
-1.0
-1.0
-1.0
-2.6666666666666665
-2.6666666666666665
-2.6666666666666665
-2.6666666666666665
-2.6666666666666665
-2.6666666666666665
-2.6666666666666665
-2.6666666666666665
-2.6666666666666665
-2.6666666666666665
-2.6666666666666665
-1.0
-1.0
-1.0
-1.0
-1.0
-1.0
-1.0
-1.0
4.0
4.0
4.0
4.0
4.0
4.0
4.0
4.0
4.0
4.0
4.0
4.0
4.0
4.0
4.0
4.0
4.0
4.0
4.0
4.0
4.0
4.0
4.0
4.0
4.0
4.0
4.0
4.0
4.0
4.0
4.0
4.0
4.0
-1.0
-1.0
-1.0
-1.0
-1.0
-1.0
-1.0
-1.0
4.0
4.0
4.0
4.0
-1.0
-1.0
-1.0
-1.0
-1.0
-1.0
-1.0
-1.0
-1.0
-1.0
-1.0
-1.0
-1.0
4.0
4.0
4.0
4.0
4.0
-1.0
-1.0
-1.0
-1.0
-1.0
4.0
4.0
4.0
4.0
4.0
4.0
4.0
4.0
-1.0
-1.0
-1.0
-1.0
-1.0
-1.0
-1.0
-1.0
-1.0
4.0
4.0
-1.0
-1.0
4.0
4.0
-1.0
-1.0
-1.0
-1.0
4.0
4.0
4.0
4.0
4.0
4.0
4.0
4.0
4.0
4.0
4.0
4.0
4.0
4.0
4.0
4.0
4.0
4.0
4.0
4.0
4.0
4.0
4.0
4.0
4.0
4.0
-1.0
-1.0
-1.0
-1.0
-1.0
-1.0
-1.0
-1.0
-1.0
4.0
4.0
4.0
4.0
4.0
4.0
-1.0
-1.0
-1.0
-1.0
-1.0
-1.0
-1.0
-1.0
-1.0
-1.0
4.0
4.0
-1.0
-1.0
-1.0
-1.0
-1.0
-1.0
-1.0
4.0
4.0
4.0
4.0
4.0
4.0
4.0
4.0
4.0
4.0
4.0
4.0
4.0
-1.0
-1.0
-1.0
-1.0
4.0
4.0
4.0
4.0
4.0
4.0
4.0
-1.0
-1.0
-1.0
-1.0
-1.0
-1.0
-1.0
-1.0
-1.0
-1.0
4.0
-1.0
4.0
4.0
4.0
4.0
4.0
4.0
4.0
4.0
4.0
4.0
4.0
4.0
4.0
4.0
4.0
4.0
4.0
-1.0
-1.0
-1.0
-1.0
-1.0
-1.0
-1.0
-1.0
-1.0
-1.0
-1.0
-1.0
-1.0
-1.0
-1.0
-1.0
-1.0
-1.0
-1.0
4.0
4.0
4.0
4.0
4.0
4.0
4.0
4.0
4.0
4.0
4.0
4.0
4.0
4.0
4.0
4.0
-1.0
-1.0
-1.0
-1.0
-1.0
-1.0
-1.0
-1.0
-1.0
-1.0
-1.0
-1.0
-1.0
-1.0
4.0
4.0
4.0
4.0
4.0
4.0
4.0
4.0
4.0
4.0
-1.0
-1.0
-1.0
-1.0
-1.0
-1.0
-1.0
-1.0
-1.0
-1.0
4.0
4.0
4.0
4.0
4.0
4.0
-1.0
4.0
-1.0
-1.0
-1.0
-1.0
-1.0
-1.0
-1.0
-1.0
-1.0
-1.0
-1.0
4.0
4.0
4.0
-1.0
-2.6666666666666665
-2.6666666666666665
-2.6666666666666665
-2.6666666666666665
-2.6666666666666665
-2.6666666666666665
-1.0
-2.6666666666666665
-2.6666666666666665
-1.0
-1.0
-1.0
-1.0
-2.6666666666666665
-2.6666666666666665
-2.6666666666666665
-2.6666666666666665
-2.6666666666666665
-2.6666666666666665
-2.6666666666666665
-2.6666666666666665
-2.6666666666666665
-1.0
-1.0
-1.0
-1.0
-2.6666666666666665
-2.6666666666666665
-2.6666666666666665
-2.6666666666666665
-2.6666666666666665
-1.0
-1.0
-1.0
-1.0
-1.0
-1.0
-1.0
-1.0
-1.0
-1.0
-1.0
-1.0
-1.0
-1.0
-1.0
-1.0
-1.0
-1.0
-1.0
-2.6666666666666665
-1.0
-1.0
-1.0
-1.0
-1.0
-1.0
-2.6666666666666665
-2.6666666666666665
-2.6666666666666665
-2.6666666666666665
-2.6666666666666665
-2.6666666666666665
-2.6666666666666665
-2.6666666666666665
-2.6666666666666665
-2.6666666666666665
-2.6666666666666665
-1.0
-1.0
-1.0
-2.6666666666666665
-1.0
-1.0
-2.6666666666666665
-2.6666666666666665
-2.6666666666666665
-2.6666666666666665
-2.6666666666666665
-2.6666666666666665
-1.0
-2.6666666666666665
-2.6666666666666665
-1.0
-1.0
-1.0
-1.0
-1.0
-1.0
-1.0
-1.0
-1.0
-1.0
-1.0
-1.0
-1.0
-1.0
-1.0
-1.0
-1.0
-1.0
-1.0
-1.0
-1.0
-1.0
-1.0
-1.0
-1.0
-1.0
-1.0
-1.0
-1.0
-1.0
-1.0
-1.0
-1.0
-1.0
-1.0
-1.0
-1.0
-1.0
-1.0
-1.0
-1.0
-1.0
-1.0
-1.0
-1.0
-1.0
-1.0
-1.0
-1.0
-1.0
-1.0
-1.0
-2.6666666666666665
-2.6666666666666665
-2.6666666666666665
-2.6666666666666665
-2.6666666666666665
-2.6666666666666665
-2.6666666666666665
-2.6666666666666665
-2.6666666666666665
-2.6666666666666665
-1.0
-1.0
-1.0
-1.0
-1.0
-1.0
-1.0
-1.0
-1.0
-1.0
-1.0
-1.0
-1.0
-1.0
-1.0
-1.0
-1.0
-1.0
-1.0
-1.0
-1.0
-1.0
-1.0
-1.0
-1.0
-1.0
-1.0
-1.0
-1.0
-1.0
-1.0
-1.0
-1.0
-1.0
-1.0
-1.0
-1.0
-1.0
-1.0
-1.0
-1.0
-1.0
-1.0
-1.0
-1.0
-1.0
-1.0
-1.0
-1.0
-1.0
-1.0
-1.0
-1.0
-1.0
-2.6666666666666665
-1.0
-1.0
-1.0
-1.0
-1.0
-1.0
-1.0
-1.0
-1.0
-1.0
4.0
4.0
4.0
4.0
-1.0
-1.0
-1.0
-1.0
-1.0
4.0
-1.0
-1.0
-1.0
4.0
4.0
4.0
4.0
4.0
4.0
4.0
4.0
4.0
4.0
4.0
4.0
4.0
-1.0
-1.0
-1.0
4.0
4.0
4.0
4.0
4.0
4.0
4.0
4.0
4.0
4.0
4.0
4.0
4.0
4.0
4.0
-1.0
4.0
4.0
4.0
4.0
4.0
4.0
-1.0
-1.0
-1.0
-1.0
-1.0
-1.0
-1.0
-1.0
-1.0
-1.0
-1.0
-1.0
-1.0
-1.0
-1.0
-1.0
-1.0
-1.0
-1.0
-1.0
-1.0
-1.0
-1.0
-1.0
-1.0
-1.0
-1.0
-1.0
4.0
4.0
4.0
4.0
4.0
-1.0
-1.0
-1.0
-1.0
-1.0
-1.0
-2.6666666666666665
-2.6666666666666665
-2.6666666666666665
-2.6666666666666665
-2.6666666666666665
-2.6666666666666665
-2.6666666666666665
-2.6666666666666665
-2.6666666666666665
-2.6666666666666665
-2.6666666666666665
-2.6666666666666665
-1.0
-1.0
-1.0
-1.0
-1.0
-1.0
-1.0
-1.0
-1.0
-1.0
-2.6666666666666665
-2.6666666666666665
-2.6666666666666665
-2.6666666666666665
-2.6666666666666665
-2.6666666666666665
-1.0
-2.6666666666666665
-1.0
-1.0
-1.0
-1.0
-1.0
-1.0
-2.6666666666666665
-2.6666666666666665
-2.6666666666666665
-2.6666666666666665
-2.6666666666666665
-2.6666666666666665
-2.6666666666666665
-2.6666666666666665
-2.6666666666666665
-2.6666666666666665
-2.6666666666666665
-2.6666666666666665
-2.6666666666666665
-2.6666666666666665
-2.6666666666666665
-2.6666666666666665
-2.6666666666666665
-2.6666666666666665
-2.6666666666666665
-2.6666666666666665
-1.0
-1.0
-1.0
-1.0
-2.6666666666666665
-1.0
-1.0
-1.0
-1.0
-1.0
-1.0
-1.0
-1.0
-1.0
-1.0
-1.0
-1.0
-1.0
-2.6666666666666665
-2.6666666666666665
-2.6666666666666665
-2.6666666666666665
-2.6666666666666665
-2.6666666666666665
-1.0
-1.0
-1.0
-1.0
-1.0
-1.0
-1.0
-1.0
-1.0
-1.0
-1.0
-1.0
-1.0
-1.0
-1.0
-1.0
-1.0
-1.0
-1.0
-1.0
4.0
4.0
4.0
4.0
4.0
4.0
4.0
4.0
4.0
4.0
4.0
4.0
-1.0
-1.0
-1.0
-1.0
-1.0
-1.0
-1.0
-1.0
-1.0
-1.0
-1.0
-1.0
-1.0
-1.0
-1.0
-1.0
-1.0
-1.0
-1.0
-1.0
-1.0
-1.0
-1.0
4.0
4.0
4.0
4.0
4.0
4.0
4.0
4.0
4.0
4.0
4.0
4.0
4.0
4.0
4.0
-1.0
-1.0
-1.0
-1.0
-1.0
-1.0
-1.0
-1.0
-1.0
-1.0
-1.0
-1.0
4.0
4.0
-1.0
-1.0
4.0
-1.0
-1.0
-1.0
-1.0
-1.0
-1.0
-1.0
-1.0
-1.0
-1.0
-1.0
-1.0
4.0
4.0
4.0
-1.0
-1.0
-1.0
-1.0
-1.0
-1.0
-1.0
-1.0
-1.0
-1.0
-1.0
-1.0
-1.0
-1.0
4.0
4.0
4.0
-1.0
-1.0
-1.0
-1.0
-1.0
-1.0
-1.0
-1.0
-1.0
-1.0
-1.0
-1.0
-1.0
-1.0
-1.0
4.0
4.0
4.0
4.0
4.0
4.0
-1.0
-1.0
-1.0
-1.0
-1.0
-1.0
-1.0
-1.0
-1.0
-1.0
4.0
4.0
4.0
4.0
4.0
4.0
-1.0
-1.0
-1.0
-1.0
-1.0
-1.0
-1.0
-1.0
-1.0
-1.0
-1.0
4.0
4.0
4.0
-1.0
-1.0
-1.0
-1.0
-1.0
-1.0
-1.0
-1.0
-1.0
-1.0
-1.0
-1.0
-1.0
-1.0
-1.0
-1.0
-1.0
4.0
4.0
4.0
4.0
4.0
4.0
4.0
4.0
4.0
4.0
4.0
4.0
4.0
4.0
-1.0
-1.0
-1.0
-1.0
-1.0
-1.0
-1.0
4.0
4.0
4.0
-1.0
-1.0
-1.0
-1.0
-1.0
-1.0
-1.0
-1.0
4.0
-1.0
-1.0
-1.0
-1.0
-1.0
-1.0
-1.0
-1.0
-1.0
-2.6666666666666665
-2.6666666666666665
-2.6666666666666665
-1.0
-1.0
-1.0
-1.0
-2.6666666666666665
-2.6666666666666665
-1.0
-1.0
-1.0
-1.0
-1.0
-1.0
-1.0
-1.0
-2.6666666666666665
-2.6666666666666665
-2.6666666666666665
-2.6666666666666665
-1.0
-1.0
-1.0
-1.0
-1.0
-1.0
-1.0
-2.6666666666666665
-2.6666666666666665
-2.6666666666666665
-2.6666666666666665
-2.6666666666666665
-2.6666666666666665
-2.6666666666666665
-2.6666666666666665
-2.6666666666666665
-2.6666666666666665
-2.6666666666666665
-1.0
-1.0
-1.0
-2.6666666666666665
-2.6666666666666665
-2.6666666666666665
-2.6666666666666665
-1.0
-1.0
-1.0
-1.0
-1.0
-1.0
-1.0
-1.0
-1.0
-1.0
-1.0
-1.0
-2.6666666666666665
-2.6666666666666665
-2.6666666666666665
-2.6666666666666665
-2.6666666666666665
-2.6666666666666665
-2.6666666666666665
-2.6666666666666665
-1.0
-1.0
-1.0
-1.0
-1.0
-2.6666666666666665
-2.6666666666666665
-2.6666666666666665
-2.6666666666666665
-2.6666666666666665
-2.6666666666666665
-2.6666666666666665
-2.6666666666666665
-2.6666666666666665
-2.6666666666666665
-2.6666666666666665
-1.0
-1.0
-1.0
-1.0
-1.0
-1.0
-1.0
-1.0
-1.0
-1.0
-1.0
-2.6666666666666665
-2.6666666666666665
-2.6666666666666665
-2.6666666666666665
-2.6666666666666665
-2.6666666666666665
-2.6666666666666665
-2.6666666666666665
-2.6666666666666665
-2.6666666666666665
-2.6666666666666665
-2.6666666666666665
-2.6666666666666665
-2.6666666666666665
-1.0
-1.0
-1.0
-1.0
-1.0
-1.0
-1.0
-1.0
-1.0
-1.0
-1.0
-1.0
-1.0
-1.0
-1.0
-1.0
-1.0
-1.0
-2.6666666666666665
-2.6666666666666665
-2.6666666666666665
-2.6666666666666665
-2.6666666666666665
-2.6666666666666665
-2.6666666666666665
-1.0
-1.0
-1.0
-1.0
-1.0
-1.0
-2.6666666666666665
-2.6666666666666665
-2.6666666666666665
-2.6666666666666665
-2.6666666666666665
-1.0
-1.0
-1.0
-1.0
-1.0
-1.0
-1.0
-1.0
-1.0
-1.0
-1.0
-2.6666666666666665
-2.6666666666666665
-2.6666666666666665
-2.6666666666666665
-2.6666666666666665
-2.6666666666666665
-2.6666666666666665
-2.6666666666666665
-1.0
-1.0
-2.6666666666666665
-2.6666666666666665
-2.6666666666666665
-2.6666666666666665
-2.6666666666666665
-2.6666666666666665
-2.6666666666666665
-2.6666666666666665
-2.6666666666666665
-2.6666666666666665
-2.6666666666666665
-2.6666666666666665
-1.0
-1.0
-1.0
-1.0
-1.0
-1.0
-1.0
-1.0
-1.0
-1.0
-1.0
-1.0
-1.0
-2.6666666666666665
-2.6666666666666665
-2.6666666666666665
-2.6666666666666665
-2.6666666666666665
-2.6666666666666665
-2.6666666666666665
-2.6666666666666665
-1.0
-1.0
-1.0
-1.0
-1.0
-1.0
-1.0
-1.0
-1.0
-1.0
-1.0
-1.0
-1.0
-1.0
-1.0
-1.0
-1.0
-1.0
-1.0
-1.0
-1.0
-2.6666666666666665
-2.6666666666666665
-2.6666666666666665
-2.6666666666666665
-2.6666666666666665
-2.6666666666666665
-2.6666666666666665
-2.6666666666666665
-2.6666666666666665
-2.6666666666666665
-2.6666666666666665
-2.6666666666666665
-2.6666666666666665
-2.6666666666666665
-2.6666666666666665
-2.6666666666666665
-2.6666666666666665
-2.6666666666666665
-2.6666666666666665
-2.6666666666666665
-2.6666666666666665
-2.6666666666666665
-2.6666666666666665
-2.6666666666666665
-2.6666666666666665
-2.6666666666666665
-2.6666666666666665
-2.6666666666666665
-2.6666666666666665
-2.6666666666666665
-2.6666666666666665
-2.6666666666666665
-2.6666666666666665
-1.0
-1.0
-1.0
-1.0
-1.0
-1.0
-1.0
-1.0
-1.0
-1.0
-1.0
-1.0
-1.0
-1.0
-2.6666666666666665
-2.6666666666666665
-2.6666666666666665
-1.0
-1.0
-1.0
-1.0
-1.0
-1.0
-2.6666666666666665
-2.6666666666666665
-2.6666666666666665
-2.6666666666666665
-2.6666666666666665
-2.6666666666666665
-1.0
-1.0
-1.0
-1.0
-1.0
-1.0
-1.0
-1.0
-1.0
-1.0
-1.0
-2.6666666666666665
-2.6666666666666665
-2.6666666666666665
-2.6666666666666665
-2.6666666666666665
-2.6666666666666665
-2.6666666666666665
-2.6666666666666665
-2.6666666666666665
-2.6666666666666665
-2.6666666666666665
-2.6666666666666665
-2.6666666666666665
-1.0
-1.0
-1.0
-1.0
-1.0
-1.0
-1.0
-1.0
-1.0
-2.6666666666666665
-2.6666666666666665
-2.6666666666666665
-2.6666666666666665
-2.6666666666666665
-2.6666666666666665
-2.6666666666666665
-2.6666666666666665
-2.6666666666666665
-2.6666666666666665
-2.6666666666666665
-2.6666666666666665
-2.6666666666666665
-2.6666666666666665
-2.6666666666666665
-2.6666666666666665
-2.6666666666666665
-1.0
-1.0
-1.0
-1.0
-1.0
-1.0
-1.0
-1.0
-1.0
-1.0
-1.0
-1.0
-1.0
-1.0
-1.0
-2.6666666666666665
-2.6666666666666665
-2.6666666666666665
-2.6666666666666665
-2.6666666666666665
-1.0
-1.0
-1.0
-1.0
-1.0
-1.0
-1.0
-1.0
-1.0
-1.0
-1.0
-1.0
-1.0
-1.0
-1.0
-1.0
-1.0
-1.0
-1.0
-1.0
-1.0
-2.6666666666666665
-2.6666666666666665
-2.6666666666666665
-2.6666666666666665
-2.6666666666666665
-1.0
-1.0
-1.0
-1.0
-1.0
-1.0
-1.0
-1.0
-1.0
-1.0
-1.0
-1.0
-1.0
-1.0
-1.0
4.0
-1.0
-1.0
-1.0
-1.0
-1.0
-1.0
-1.0
-1.0
-1.0
-1.0
-1.0
-1.0
-1.0
4.0
4.0
4.0
4.0
4.0
4.0
4.0
4.0
4.0
4.0
-1.0
-1.0
-1.0
-1.0
-1.0
-1.0
-1.0
-1.0
-1.0
-1.0
-1.0
-1.0
-1.0
-1.0
-1.0
-1.0
-1.0
-1.0
-1.0
-1.0
-1.0
-1.0
-1.0
-1.0
-1.0
-1.0
-1.0
-1.0
4.0
4.0
-1.0
-1.0
-1.0
-1.0
-1.0
-1.0
-1.0
-1.0
-1.0
-1.0
-1.0
-1.0
-1.0
-1.0
-1.0
-1.0
-1.0
-1.0
-1.0
-1.0
-1.0
-1.0
-1.0
-1.0
-1.0
-1.0
-1.0
-1.0
-1.0
-1.0
-1.0
-1.0
-1.0
-1.0
-1.0
4.0
4.0
4.0
4.0
4.0
4.0
4.0
4.0
4.0
-1.0
-1.0
-2.6666666666666665
-2.6666666666666665
-2.6666666666666665
-2.6666666666666665
-2.6666666666666665
-2.6666666666666665
-2.6666666666666665
-2.6666666666666665
-2.6666666666666665
-2.6666666666666665
-1.0
-1.0
-1.0
-2.6666666666666665
-2.6666666666666665
-2.6666666666666665
-1.0
-2.6666666666666665
-2.6666666666666665
-2.6666666666666665
-2.6666666666666665
-2.6666666666666665
-2.6666666666666665
-2.6666666666666665
-2.6666666666666665
-2.6666666666666665
-2.6666666666666665
-2.6666666666666665
-2.6666666666666665
-2.6666666666666665
-2.6666666666666665
-2.6666666666666665
-2.6666666666666665
-2.6666666666666665
-2.6666666666666665
-2.6666666666666665
-2.6666666666666665
-2.6666666666666665
-1.0
-1.0
-1.0
-1.0
-1.0
-2.6666666666666665
-2.6666666666666665
-2.6666666666666665
-2.6666666666666665
-2.6666666666666665
-2.6666666666666665
-2.6666666666666665
-2.6666666666666665
-2.6666666666666665
-2.6666666666666665
-2.6666666666666665
-2.6666666666666665
-2.6666666666666665
-2.6666666666666665
-2.6666666666666665
-2.6666666666666665
-2.6666666666666665
-2.6666666666666665
-1.0
-1.0
-1.0
-2.6666666666666665
-2.6666666666666665
-2.6666666666666665
-1.0
-1.0
-1.0
-1.0
-1.0
-1.0
-1.0
-1.0
-1.0
-1.0
-1.0
-1.0
-1.0
-1.0
-1.0
-1.0
-1.0
-1.0
-1.0
-1.0
-1.0
-2.6666666666666665
-2.6666666666666665
-2.6666666666666665
-1.0
-1.0
-1.0
-1.0
-1.0
-1.0
-1.0
-1.0
-2.6666666666666665
-2.6666666666666665
-2.6666666666666665
-2.6666666666666665
-2.6666666666666665
-2.6666666666666665
-2.6666666666666665
-2.6666666666666665
-2.6666666666666665
-2.6666666666666665
-2.6666666666666665
-2.6666666666666665
-2.6666666666666665
-2.6666666666666665
-2.6666666666666665
-2.6666666666666665
-2.6666666666666665
-2.6666666666666665
-2.6666666666666665
-2.6666666666666665
-2.6666666666666665
-2.6666666666666665
-2.6666666666666665
-2.6666666666666665
-2.6666666666666665
-2.6666666666666665
-2.6666666666666665
-2.6666666666666665
-2.6666666666666665
-2.6666666666666665
-2.6666666666666665
-2.6666666666666665
-2.6666666666666665
-1.0
-1.0
-1.0
-1.0
-1.0
-1.0
-2.6666666666666665
-2.6666666666666665
-2.6666666666666665
-1.0
-1.0
-1.0
-1.0
-1.0
-1.0
-1.0
-1.0
-1.0
-1.0
-1.0
-1.0
-1.0
-1.0
-1.0
-1.0
-1.0
-1.0
-1.0
-1.0
-1.0
-2.6666666666666665
-2.6666666666666665
-2.6666666666666665
-2.6666666666666665
-2.6666666666666665
-2.6666666666666665
-2.6666666666666665
-1.0
-1.0
-1.0
-1.0
-2.6666666666666665
-2.6666666666666665
-2.6666666666666665
-2.6666666666666665
-2.6666666666666665
-2.6666666666666665
-2.6666666666666665
-1.0
-1.0
-1.0
-1.0
-1.0
-1.0
-1.0
-1.0
-1.0
-1.0
-1.0
-1.0
-1.0
-1.0
-1.0
-1.0
-2.6666666666666665
-1.0
-1.0
-1.0
-1.0
-1.0
-1.0
-1.0
-1.0
-1.0
-1.0
-1.0
-1.0
-1.0
-1.0
-1.0
-1.0
-1.0
-1.0
-1.0
-1.0
-1.0
-1.0
-2.6666666666666665
-1.0
-1.0
-1.0
-1.0
-1.0
-1.0
-1.0
-1.0
-1.0
-1.0
-1.0
-2.6666666666666665
-2.6666666666666665
-2.6666666666666665
-1.0
-1.0
-1.0
-1.0
-1.0
-1.0
-1.0
-1.0
-1.0
-1.0
-1.0
-1.0
-2.6666666666666665
-2.6666666666666665
-1.0
-1.0
-1.0
-2.6666666666666665
-2.6666666666666665
-2.6666666666666665
-2.6666666666666665
-2.6666666666666665
-2.6666666666666665
-1.0
-1.0
-1.0
-1.0
-1.0
-1.0
-1.0
-1.0
-1.0
-1.0
-1.0
-1.0
-1.0
-1.0
-1.0
-1.0
-1.0
-1.0
-1.0
-1.0
-1.0
-1.0
-2.6666666666666665
-1.0
-1.0
-1.0
-1.0
-1.0
-1.0
-2.6666666666666665
-2.6666666666666665
-2.6666666666666665
-2.6666666666666665
-2.6666666666666665
-2.6666666666666665
-2.6666666666666665
-2.6666666666666665
-2.6666666666666665
-2.6666666666666665
-1.0
-1.0
-1.0
-2.6666666666666665
-2.6666666666666665
-2.6666666666666665
-2.6666666666666665
-1.0
-1.0
-1.0
-1.0
-1.0
-1.0
-1.0
-1.0
-1.0
-1.0
-1.0
-1.0
-1.0
-1.0
-1.0
-2.6666666666666665
-2.6666666666666665
-2.6666666666666665
-2.6666666666666665
-2.6666666666666665
-2.6666666666666665
-2.6666666666666665
-2.6666666666666665
-2.6666666666666665
-2.6666666666666665
-1.0
-1.0
-1.0
-1.0
-1.0
-1.0
-1.0
-1.0
-1.0
-1.0
-1.0
-1.0
-1.0
-1.0
-1.0
-1.0
-2.6666666666666665
-2.6666666666666665
-2.6666666666666665
-2.6666666666666665
-1.0
-1.0
-1.0
-1.0
-1.0
-1.0
-1.0
-1.0
-2.6666666666666665
-2.6666666666666665
-1.0
-1.0
-1.0
-1.0
-1.0
-1.0
-1.0
-1.0
-1.0
-1.0
-1.0
-1.0
-2.6666666666666665
-2.6666666666666665
-2.6666666666666665
-2.6666666666666665
-2.6666666666666665
-2.6666666666666665
-2.6666666666666665
-2.6666666666666665
-2.6666666666666665
-2.6666666666666665
-2.6666666666666665
-2.6666666666666665
-2.6666666666666665
-2.6666666666666665
-2.6666666666666665
-2.6666666666666665
-2.6666666666666665
-2.6666666666666665
-2.6666666666666665
-2.6666666666666665
-2.6666666666666665
-2.6666666666666665
-2.6666666666666665
-2.6666666666666665
-2.6666666666666665
-2.6666666666666665
-1.0
-1.0
-2.6666666666666665
-2.6666666666666665
-2.6666666666666665
-2.6666666666666665
-2.6666666666666665
-2.6666666666666665
-2.6666666666666665
-2.6666666666666665
-2.6666666666666665
-2.6666666666666665
-2.6666666666666665
-2.6666666666666665
-1.0
-1.0
-1.0
-1.0
-1.0
-1.0
-1.0
-2.6666666666666665
-2.6666666666666665
-2.6666666666666665
-2.6666666666666665
-2.6666666666666665
-2.6666666666666665
-2.6666666666666665
-1.0
-1.0
-1.0
-1.0
-1.0
-1.0
-1.0
-2.6666666666666665
-2.6666666666666665
-2.6666666666666665
-2.6666666666666665
-2.6666666666666665
-2.6666666666666665
-2.6666666666666665
-2.6666666666666665
-1.0
-1.0
-1.0
-1.0
-1.0
-1.0
-1.0
-1.0
-1.0
-1.0
-1.0
-1.0
-1.0
-1.0
-1.0
-1.0
-1.0
-1.0
-2.6666666666666665
-2.6666666666666665
-2.6666666666666665
-2.6666666666666665
-2.6666666666666665
-2.6666666666666665
-2.6666666666666665
-2.6666666666666665
-2.6666666666666665
-2.6666666666666665
-1.0
-1.0
-1.0
-1.0
-1.0
-1.0
-1.0
-2.6666666666666665
-1.0
-1.0
-1.0
-1.0
-1.0
-1.0
-1.0
-1.0
-1.0
-1.0
-1.0
-1.0
-1.0
-1.0
-1.0
-1.0
-1.0
-1.0
-1.0
-2.6666666666666665
-2.6666666666666665
-2.6666666666666665
-2.6666666666666665
-2.6666666666666665
-2.6666666666666665
-2.6666666666666665
-1.0
-1.0
-1.0
-1.0
-1.0
-1.0
-1.0
-1.0
-1.0
-1.0
-1.0
-1.0
-1.0
-1.0
-1.0
-2.6666666666666665
-2.6666666666666665
-2.6666666666666665
-2.6666666666666665
-2.6666666666666665
-2.6666666666666665
-2.6666666666666665
-1.0
-1.0
-1.0
-1.0
-1.0
-1.0
-1.0
-1.0
-1.0
-1.0
-1.0
-1.0
-1.0
-1.0
-1.0
-1.0
-1.0
-1.0
-1.0
-1.0
-1.0
-1.0
-1.0
-1.0
-1.0
-1.0
-1.0
-1.0
-1.0
-1.0
-1.0
-1.0
-1.0
-1.0
-1.0
-1.0
-1.0
-1.0
-1.0
-1.0
-1.0
-1.0
-2.6666666666666665
-1.0
-1.0
-1.0
-1.0
-1.0
-1.0
-1.0
-1.0
-1.0
-1.0
-2.6666666666666665
-1.0
-1.0
-1.0
-1.0
-1.0
-2.6666666666666665
-2.6666666666666665
-2.6666666666666665
-2.6666666666666665
-2.6666666666666665
-2.6666666666666665
-2.6666666666666665
-2.6666666666666665
-1.0
-1.0
-1.0
-1.0
-1.0
-1.0
-1.0
-1.0
-1.0
-1.0
-2.6666666666666665
-2.6666666666666665
-2.6666666666666665
-2.6666666666666665
-2.6666666666666665
-2.6666666666666665
-2.6666666666666665
-2.6666666666666665
-2.6666666666666665
-2.6666666666666665
-1.0
-1.0
-1.0
-1.0
-1.0
-1.0
-1.0
-1.0
-1.0
-1.0
-1.0
-1.0
-1.0
-1.0
-1.0
-1.0
-1.0
-2.6666666666666665
-2.6666666666666665
-2.6666666666666665
-2.6666666666666665
-2.6666666666666665
-2.6666666666666665
-2.6666666666666665
-2.6666666666666665
-2.6666666666666665
-2.6666666666666665
-2.6666666666666665
-1.0
-1.0
-1.0
-1.0
-1.0
-1.0
-1.0
-1.0
-1.0
-1.0
-1.0
-1.0
-1.0
-1.0
-1.0
-1.0
-1.0
-1.0
-1.0
-1.0
-1.0
-1.0
-1.0
-1.0
-1.0
-1.0
-1.0
-1.0
-1.0
-1.0
-1.0
-1.0
-1.0
-1.0
-2.6666666666666665
-2.6666666666666665
-2.6666666666666665
-2.6666666666666665
-2.6666666666666665
-2.6666666666666665
-2.6666666666666665
-2.6666666666666665
-2.6666666666666665
-2.6666666666666665
-2.6666666666666665
-2.6666666666666665
-2.6666666666666665
-2.6666666666666665
-2.6666666666666665
-2.6666666666666665
-1.0
-2.6666666666666665
-1.0
-1.0
-1.0
-1.0
-1.0
-1.0
-1.0
-1.0
-1.0
-1.0
-1.0
-1.0
-1.0
-1.0
-1.0
-2.6666666666666665
-1.0
-1.0
-1.0
-1.0
-1.0
-1.0
-1.0
-2.6666666666666665
-1.0
-2.6666666666666665
-1.0
-1.0
-1.0
-1.0
-1.0
-1.0
-1.0
-1.0
-1.0
-1.0
-1.0
-1.0
-1.0
-1.0
-1.0
-1.0
-1.0
-2.6666666666666665
-2.6666666666666665
-2.6666666666666665
-2.6666666666666665
-1.0
-1.0
-1.0
-1.0
-1.0
-1.0
-1.0
-1.0
-1.0
-1.0
-1.0
-1.0
-1.0
-2.6666666666666665
-2.6666666666666665
-2.6666666666666665
-2.6666666666666665
-2.6666666666666665
-2.6666666666666665
-2.6666666666666665
-1.0
-1.0
-1.0
-1.0
-1.0
-1.0
-1.0
-1.0
-1.0
-1.0
-1.0
-2.6666666666666665
-2.6666666666666665
-2.6666666666666665
-2.6666666666666665
-2.6666666666666665
-2.6666666666666665
-2.6666666666666665
-2.6666666666666665
-2.6666666666666665
-2.6666666666666665
-2.6666666666666665
-1.0
-1.0
-1.0
-1.0
-1.0
-1.0
-1.0
-1.0
-1.0
-1.0
-1.0
-1.0
-1.0
-1.0
-1.0
-1.0
-1.0
-1.0
-1.0
-2.6666666666666665
-2.6666666666666665
-1.0
-1.0
-1.0
-1.0
-1.0
-1.0
-1.0
-1.0
-1.0
-1.0
4.0
-1.0
-1.0
-1.0
4.0
4.0
4.0
4.0
4.0
-1.0
4.0
-1.0
-1.0
4.0
4.0
4.0
4.0
4.0
4.0
4.0
4.0
4.0
4.0
4.0
4.0
4.0
4.0
4.0
4.0
4.0
4.0
4.0
4.0
4.0
-1.0
4.0
4.0
-1.0
-1.0
-1.0
-1.0
-1.0
-1.0
-1.0
-1.0
-1.0
-1.0
-1.0
-1.0
-1.0
-1.0
-1.0
-1.0
-1.0
-1.0
-1.0
-1.0
-1.0
-1.0
-1.0
-1.0
-1.0
-1.0
-1.0
4.0
4.0
4.0
4.0
4.0
4.0
4.0
4.0
4.0
4.0
4.0
4.0
-1.0
-1.0
-1.0
-1.0
-1.0
-1.0
-1.0
-1.0
-1.0
-1.0
-1.0
-1.0
4.0
4.0
-1.0
-1.0
-1.0
-2.6666666666666665
-2.6666666666666665
-2.6666666666666665
-2.6666666666666665
-2.6666666666666665
-2.6666666666666665
-2.6666666666666665
-2.6666666666666665
-1.0
-1.0
-1.0
-1.0
-2.6666666666666665
-2.6666666666666665
-1.0
-1.0
-1.0
-1.0
-1.0
-1.0
-1.0
-1.0
-1.0
-2.6666666666666665
-2.6666666666666665
-1.0
-1.0
-1.0
-1.0
-1.0
-1.0
-1.0
-1.0
-1.0
-1.0
-1.0
-1.0
-1.0
-1.0
-1.0
-1.0
-1.0
-1.0
-1.0
-1.0
-1.0
-1.0
-1.0
-1.0
-1.0
-1.0
-1.0
-1.0
-1.0
-1.0
-1.0
-1.0
-1.0
-1.0
-1.0
-1.0
-1.0
-1.0
-1.0
-1.0
-2.6666666666666665
-2.6666666666666665
-2.6666666666666665
-2.6666666666666665
-2.6666666666666665
-2.6666666666666665
-2.6666666666666665
-2.6666666666666665
-2.6666666666666665
-2.6666666666666665
-1.0
-1.0
-2.6666666666666665
-2.6666666666666665
-2.6666666666666665
-1.0
-1.0
-1.0
-1.0
-1.0
-1.0
-1.0
-1.0
-1.0
-1.0
-1.0
-1.0
-1.0
-1.0
-1.0
-1.0
-2.6666666666666665
0.0
0.0
0.0
0.0
0.0
0.0
0.0
0.0
0.0
0.0
0.0
0.0
0.0
0.0
0.0
0.0
0.0
0.0
0.0
0.0
0.0
0.0
0.0
0.0
0.0
0.0
0.0
0.0
0.0
0.0
0.0
0.0
0.0
0.0
0.0
0.0
0.0
0.0
0.0
0.0
0.0
0.0
0.0
0.0
0.0
0.0
0.0
0.0
0.0
0.0
0.0
0.0
0.0
0.0
0.0
0.0
0.0
0.0
0.0
0.0
0.0
0.0
0.0
0.0
0.0
0.0
0.0
0.0
0.0
0.0
0.0
0.0
0.0
0.0
0.0
0.0
0.0
0.0
0.0
0.0
0.0
0.0
0.0
0.0
0.0
0.0
0.0
0.0
0.0
0.0
0.0
0.0
0.0
0.0
0.0
0.0
0.0
0.0
0.0
0.0
0.0
0.0
0.0
0.0
0.0
0.0
0.0
0.0
0.0
0.0
0.0
0.0
0.0
0.0
0.0
0.0
0.0
0.0
0.0
0.0
0.0
0.0
0.0
0.0
0.0
0.0
0.0
0.0
0.0
0.0
0.0
0.0
0.0
0.0
0.0
0.0
0.0
0.0
0.0
0.0
0.0
0.0
0.0
0.0
0.0
0.0
0.0
0.0
0.0
0.0
0.0
0.0
0.0
0.0
0.0
0.0
0.0
0.0
0.0
0.0
0.0
0.0
0.0
0.0
0.0
0.0
0.0
0.0
0.0
0.0
0.0
0.0
0.0
0.0
0.0
0.0
0.0
0.0
0.0
0.0
0.0
0.0
0.0
0.0
0.0
0.0
0.0
0.0
0.0
0.0
0.0
0.0
0.0
0.0
0.0
0.0
0.0
0.0
0.0
0.0
-2.6666666666666665
-2.6666666666666665
-2.6666666666666665
-2.6666666666666665
-1.0
-1.0
-1.0
-1.0
-1.0
-1.0
-1.0
-1.0
-1.0
-1.0
-1.0
-1.0
-1.0
-1.0
-2.6666666666666665
-2.6666666666666665
-2.6666666666666665
-2.6666666666666665
-2.6666666666666665
-2.6666666666666665
-2.6666666666666665
-2.6666666666666665
-2.6666666666666665
-2.6666666666666665
-2.6666666666666665
-2.6666666666666665
-2.6666666666666665
-2.6666666666666665
-2.6666666666666665
-2.6666666666666665
-2.6666666666666665
-1.0
-1.0
-1.0
-1.0
-1.0
-1.0
-1.0
-2.6666666666666665
-2.6666666666666665
-2.6666666666666665
-2.6666666666666665
-2.6666666666666665
-2.6666666666666665
-2.6666666666666665
-2.6666666666666665
-2.6666666666666665
-1.0
-1.0
-1.0
-1.0
-1.0
-1.0
-1.0
-1.0
-2.6666666666666665
-2.6666666666666665
-2.6666666666666665
-2.6666666666666665
-2.6666666666666665
-2.6666666666666665
-2.6666666666666665
-2.6666666666666665
-2.6666666666666665
-2.6666666666666665
-2.6666666666666665
-2.6666666666666665
-2.6666666666666665
-2.6666666666666665
-1.0
-1.0
-1.0
-1.0
-1.0
-1.0
-1.0
-1.0
-1.0
-1.0
-1.0
-1.0
-1.0
-1.0
-2.6666666666666665
-1.0
-1.0
-1.0
-1.0
-1.0
-2.6666666666666665
-2.6666666666666665
-2.6666666666666665
-2.6666666666666665
-2.6666666666666665
-2.6666666666666665
-2.6666666666666665
-1.0
-1.0
-1.0
-1.0
-1.0
4.0
4.0
4.0
4.0
4.0
4.0
4.0
4.0
4.0
4.0
4.0
4.0
4.0
4.0
-1.0
-1.0
-1.0
-1.0
-1.0
-1.0
-1.0
-1.0
-1.0
4.0
4.0
-1.0
-1.0
-1.0
-1.0
-1.0
-1.0
-1.0
-1.0
-1.0
-1.0
-1.0
-1.0
-1.0
-1.0
-1.0
-1.0
4.0
4.0
-1.0
-1.0
-1.0
-1.0
4.0
4.0
4.0
4.0
4.0
4.0
-1.0
-1.0
-1.0
-1.0
-1.0
-1.0
-1.0
-1.0
-1.0
-1.0
-1.0
-1.0
-1.0
-1.0
-1.0
-1.0
-1.0
-1.0
-1.0
-1.0
-1.0
-1.0
-1.0
-1.0
-1.0
-1.0
-1.0
4.0
4.0
4.0
4.0
4.0
4.0
-1.0
-1.0
-1.0
-1.0
-1.0
-1.0
4.0
4.0
4.0
-1.0
-1.0
-1.0
-1.0
-1.0
-1.0
-1.0
-1.0
-1.0
-1.0
-1.0
-1.0
-1.0
-1.0
-1.0
-1.0
-1.0
-1.0
-1.0
-1.0
-1.0
-1.0
-1.0
-1.0
-1.0
-1.0
-1.0
-1.0
-1.0
-1.0
-1.0
-1.0
4.0
4.0
4.0
4.0
-1.0
4.0
4.0
4.0
-1.0
-1.0
-1.0
-1.0
-1.0
-1.0
-1.0
-1.0
-1.0
-1.0
-1.0
4.0
4.0
4.0
4.0
4.0
4.0
4.0
4.0
4.0
4.0
4.0
4.0
-1.0
-1.0
-1.0
-1.0
-1.0
-1.0
4.0
-1.0
-1.0
-1.0
-1.0
-1.0
-1.0
-1.0
-1.0
-1.0
-1.0
-1.0
-1.0
-1.0
4.0
4.0
4.0
4.0
4.0
4.0
4.0
4.0
4.0
4.0
4.0
4.0
4.0
4.0
4.0
-1.0
-1.0
-2.6666666666666665
-2.6666666666666665
-2.6666666666666665
-2.6666666666666665
-1.0
-1.0
-1.0
-1.0
-1.0
-1.0
-1.0
-2.6666666666666665
-2.6666666666666665
-2.6666666666666665
-2.6666666666666665
-2.6666666666666665
-2.6666666666666665
-2.6666666666666665
-2.6666666666666665
-2.6666666666666665
-2.6666666666666665
-2.6666666666666665
-2.6666666666666665
-2.6666666666666665
-2.6666666666666665
-2.6666666666666665
-2.6666666666666665
-1.0
-1.0
-1.0
-2.6666666666666665
-1.0
-1.0
-1.0
-2.6666666666666665
-2.6666666666666665
-1.0
-1.0
-1.0
-1.0
-1.0
-1.0
-1.0
-1.0
-2.6666666666666665
-2.6666666666666665
-2.6666666666666665
-2.6666666666666665
-2.6666666666666665
-2.6666666666666665
-1.0
-1.0
-1.0
-2.6666666666666665
-2.6666666666666665
-2.6666666666666665
-2.6666666666666665
-2.6666666666666665
-1.0
-1.0
-1.0
-1.0
-1.0
-1.0
-1.0
-1.0
-1.0
-1.0
-1.0
-1.0
-1.0
-1.0
-2.6666666666666665
-2.6666666666666665
-2.6666666666666665
-2.6666666666666665
-1.0
-1.0
-1.0
-1.0
-1.0
-1.0
-1.0
-1.0
-1.0
-1.0
-1.0
-2.6666666666666665
-2.6666666666666665
-2.6666666666666665
-2.6666666666666665
-2.6666666666666665
-1.0
-1.0
-1.0
-1.0
-1.0
-1.0
-1.0
-1.0
-1.0
-1.0
4.0
4.0
4.0
4.0
4.0
4.0
4.0
4.0
4.0
4.0
4.0
4.0
4.0
4.0
4.0
4.0
4.0
4.0
4.0
4.0
4.0
4.0
-1.0
-1.0
-1.0
-1.0
-1.0
-1.0
-1.0
-1.0
-1.0
-1.0
-1.0
-1.0
-1.0
-1.0
-1.0
-1.0
-1.0
-1.0
-1.0
-1.0
-1.0
-1.0
-1.0
-1.0
-1.0
-1.0
-1.0
-1.0
-1.0
-1.0
-1.0
-1.0
-1.0
-1.0
-1.0
-1.0
-1.0
4.0
4.0
4.0
4.0
4.0
-1.0
-1.0
-1.0
4.0
4.0
4.0
4.0
4.0
4.0
4.0
4.0
4.0
4.0
4.0
4.0
4.0
4.0
4.0
4.0
4.0
4.0
4.0
4.0
-1.0
-1.0
-1.0
-1.0
-1.0
-1.0
-1.0
-1.0
-1.0
-1.0
-1.0
-1.0
-1.0
4.0
4.0
4.0
4.0
4.0
4.0
4.0
-1.0
-1.0
-1.0
-1.0
-1.0
-1.0
-1.0
-1.0
-1.0
-1.0
4.0
4.0
4.0
4.0
4.0
4.0
4.0
4.0
4.0
4.0
-1.0
-1.0
-1.0
-1.0
4.0
4.0
4.0
4.0
4.0
4.0
4.0
4.0
4.0
4.0
4.0
4.0
4.0
4.0
4.0
4.0
4.0
4.0
4.0
4.0
4.0
4.0
-1.0
4.0
4.0
-1.0
-1.0
-1.0
-1.0
-1.0
-1.0
-1.0
-1.0
-1.0
-1.0
-1.0
4.0
4.0
4.0
4.0
4.0
4.0
4.0
4.0
4.0
4.0
4.0
4.0
4.0
4.0
4.0
4.0
4.0
4.0
-1.0
-1.0
-1.0
-1.0
-1.0
-1.0
-1.0
-1.0
-1.0
4.0
4.0
4.0
4.0
-2.6666666666666665
-1.0
-1.0
-1.0
-1.0
-1.0
-1.0
-1.0
-1.0
-1.0
-1.0
-1.0
-1.0
-1.0
-2.6666666666666665
-2.6666666666666665
-2.6666666666666665
-2.6666666666666665
-2.6666666666666665
-2.6666666666666665
-2.6666666666666665
-2.6666666666666665
-2.6666666666666665
-2.6666666666666665
-2.6666666666666665
-2.6666666666666665
-2.6666666666666665
-2.6666666666666665
-2.6666666666666665
-2.6666666666666665
-2.6666666666666665
-2.6666666666666665
-2.6666666666666665
-2.6666666666666665
-2.6666666666666665
-2.6666666666666665
-2.6666666666666665
-2.6666666666666665
-2.6666666666666665
-2.6666666666666665
-2.6666666666666665
-2.6666666666666665
-2.6666666666666665
-2.6666666666666665
-2.6666666666666665
-2.6666666666666665
-2.6666666666666665
-2.6666666666666665
-2.6666666666666665
-2.6666666666666665
-2.6666666666666665
-2.6666666666666665
-2.6666666666666665
-2.6666666666666665
-2.6666666666666665
-1.0
-1.0
-2.6666666666666665
-2.6666666666666665
-2.6666666666666665
-2.6666666666666665
-2.6666666666666665
-2.6666666666666665
-1.0
-1.0
-1.0
-1.0
-2.6666666666666665
-2.6666666666666665
-2.6666666666666665
-2.6666666666666665
-2.6666666666666665
-2.6666666666666665
-2.6666666666666665
-2.6666666666666665
-2.6666666666666665
-2.6666666666666665
-2.6666666666666665
-2.6666666666666665
-2.6666666666666665
-2.6666666666666665
-2.6666666666666665
-1.0
-1.0
-1.0
-1.0
-1.0
-1.0
-1.0
-1.0
-1.0
-1.0
-1.0
-1.0
-1.0
-1.0
-1.0
-2.6666666666666665
-2.6666666666666665
-2.6666666666666665
-2.6666666666666665
-2.6666666666666665
-2.6666666666666665
-2.6666666666666665
-2.6666666666666665
-2.6666666666666665
-2.6666666666666665
-2.6666666666666665
-1.0
-1.0
-1.0
-1.0
-1.0
-2.6666666666666665
-2.6666666666666665
-2.6666666666666665
-2.6666666666666665
-2.6666666666666665
-2.6666666666666665
-2.6666666666666665
-2.6666666666666665
-2.6666666666666665
-2.6666666666666665
-2.6666666666666665
-2.6666666666666665
-2.6666666666666665
-2.6666666666666665
-2.6666666666666665
-2.6666666666666665
-2.6666666666666665
-1.0
-1.0
-1.0
-1.0
-1.0
-1.0
-1.0
-1.0
-1.0
-1.0
-2.6666666666666665
-2.6666666666666665
-2.6666666666666665
-2.6666666666666665
-2.6666666666666665
-2.6666666666666665
-2.6666666666666665
-2.6666666666666665
-2.6666666666666665
-2.6666666666666665
-1.0
-1.0
-1.0
-1.0
-1.0
-1.0
-1.0
-1.0
-2.6666666666666665
-2.6666666666666665
-2.6666666666666665
-1.0
-1.0
-1.0
-1.0
-1.0
-1.0
-1.0
-1.0
-1.0
-1.0
-2.6666666666666665
-1.0
-1.0
-1.0
-1.0
-1.0
-1.0
-1.0
-1.0
-1.0
-1.0
-1.0
-1.0
-1.0
-1.0
-1.0
-1.0
-1.0
-1.0
-1.0
-1.0
-1.0
-1.0
-1.0
-1.0
-1.0
-1.0
-1.0
-1.0
4.0
-1.0
-1.0
-1.0
-1.0
-1.0
-1.0
-1.0
-1.0
-1.0
-1.0
-1.0
-1.0
-1.0
-1.0
-1.0
-1.0
-1.0
4.0
4.0
4.0
4.0
4.0
4.0
4.0
4.0
4.0
4.0
4.0
4.0
4.0
4.0
-1.0
-1.0
4.0
4.0
4.0
4.0
-1.0
-1.0
-1.0
4.0
4.0
4.0
4.0
4.0
4.0
4.0
4.0
4.0
4.0
4.0
4.0
4.0
4.0
4.0
4.0
4.0
4.0
4.0
4.0
4.0
4.0
4.0
4.0
4.0
4.0
4.0
4.0
4.0
4.0
4.0
4.0
4.0
-1.0
-1.0
-1.0
-1.0
-1.0
-1.0
-1.0
-1.0
-1.0
-1.0
-1.0
-1.0
-1.0
4.0
4.0
4.0
4.0
4.0
4.0
4.0
4.0
4.0
4.0
4.0
4.0
4.0
0.0
0.0
0.0
0.0
0.0
0.0
0.0
0.0
0.0
0.0
0.0
0.0
0.0
0.0
0.0
0.0
0.0
0.0
0.0
0.0
0.0
0.0
0.0
0.0
0.0
0.0
0.0
0.0
0.0
0.0
0.0
0.0
0.0
0.0
0.0
0.0
0.0
0.0
0.0
0.0
0.0
0.0
0.0
0.0
0.0
0.0
0.0
0.0
0.0
0.0
0.0
0.0
0.0
0.0
0.0
0.0
0.0
0.0
0.0
0.0
0.0
0.0
0.0
0.0
0.0
0.0
0.0
0.0
0.0
0.0
0.0
0.0
0.0
0.0
0.0
0.0
0.0
0.0
0.0
0.0
0.0
0.0
0.0
0.0
0.0
0.0
0.0
0.0
0.0
0.0
0.0
0.0
0.0
0.0
0.0
0.0
0.0
0.0
0.0
