-0.10000000000000009
0.023333333333333428
0.033333333333333215
-0.22999999999999998
-0.10666666666666691
-0.19333333333333336
-0.2799999999999998
-0.11333333333333329
-0.13666666666666671
-0.22333333333333316
-0.2799999999999998
-0.2533333333333334
-0.15666666666666673
-0.33999999999999986
0.06666666666666643
-0.03999999999999959
-0.2533333333333334
-0.33000000000000007
0.02666666666666684
0.1166666666666667
-0.08666666666666645
0.5
0.22999999999999998
0.11999999999999966
0.046666666666666856
0.2200000000000002
0.06333333333333302
0.41333333333333355
0.2799999999999998
0.2366666666666668
0.6933333333333334
0.6733333333333333
0.8466666666666662
1.0466666666666669
0.9433333333333334
0.8500000000000001
0.98
1.2400000000000002
1.38
1.4799999999999995
1.5333333333333332
1.4266666666666667
1.7199999999999998
1.8466666666666667
1.04
0.8033333333333332
0.9033333333333338
0.8866666666666667
1.166666666666667
1.173333333333333
1.043333333333334
1.5
1.33
1.4900000000000002
1.5499999999999998
1.5133333333333328
1.8399999999999999
1.5533333333333337
1.6966666666666663
1.6466666666666665
1.6333333333333337
1.5966666666666667
1.8866666666666667
1.8066666666666666
1.7266666666666666
1.5200000000000005
1.6133333333333333
1.7299999999999995
1.7833333333333332
1.746666666666667
1.833333333333333
1.8033333333333337
1.9066666666666672
1.7700000000000005
1.9366666666666665
2.0233333333333334
1.7233333333333336
1.746666666666667
1.9100000000000001
1.923333333333333
1.9866666666666672
1.793333333333334
2.9466666666666663
2.913333333333333
2.8433333333333337
3.1866666666666665
3.173333333333333
1.67
1.8399999999999999
1.8833333333333337
2.0300000000000002
2.1433333333333335
2.1466666666666665
2.2700000000000005
2.4333333333333336
0.6766666666666663
0.9499999999999997
0.8000000000000003
0.9499999999999997
0.6333333333333333
1.333333333333333
0.40666666666666673
0.6466666666666665
0.3666666666666667
0.516666666666667
0.6266666666666669
0.4600000000000004
0.6333333333333333
0.6300000000000003
0.8033333333333332
0.686666666666667
0.6199999999999997
0.813333333333333
1.3500000000000005
1.4733333333333336
1.4333333333333336
1.413333333333333
0.98
0.9466666666666668
0.5133333333333332
0.7566666666666664
1.1133333333333333
1.126666666666667
0.9233333333333333
1.123333333333333
1.2599999999999998
1.38
1.58
1.6366666666666667
1.62
1.6433333333333335
1.576666666666667
1.6833333333333336
1.6566666666666672
1.5233333333333334
2.04
2.2766666666666664
2.0566666666666666
2.04
1.8533333333333335
1.9900000000000002
2.0233333333333334
1.9866666666666672
2.4366666666666665
2.166666666666667
2.3133333333333335
2.54
2.5233333333333334
2.6400000000000006
2.4766666666666666
2.836666666666667
2.8133333333333335
2.6833333333333336
2.9333333333333336
2.8900000000000006
2.7800000000000002
3.0266666666666664
3.123333333333334
3.1000000000000005
3.12
3.2233333333333336
3.45
3.5133333333333328
3.55
3.463333333333334
3.41
3.4899999999999993
3.5
3.546666666666667
3.6099999999999994
3.6466666666666674
3.7633333333333328
3.7733333333333334
3.75
3.7633333333333328
3.8033333333333337
3.8166666666666664
3.8033333333333337
3.829999999999999
3.8933333333333335
3.9333333333333336
3.96
3.9333333333333336
3.9066666666666663
3.920000000000001
3.9333333333333336
3.9066666666666663
3.8933333333333335
3.8933333333333335
3.8533333333333326
1.8899999999999997
2.12
2.0700000000000003
2.1333333333333337
2.2700000000000005
2.17
2.2199999999999998
2.383333333333333
2.41
2.46
2.5233333333333334
1.0266666666666664
1.0666666666666664
1.04
1.163333333333333
1.6799999999999997
1.746666666666667
1.7199999999999998
1.6133333333333333
1.6799999999999997
1.8399999999999999
1.8666666666666663
1.8666666666666663
1.8666666666666663
1.7999999999999998
1.9066666666666672
2.04
2.2266666666666666
2.2
2.253333333333333
2.3200000000000003
2.3999999999999995
2.373333333333334
2.4800000000000004
2.506666666666667
2.6133333333333333
2.8133333333333335
2.8
2.8933333333333335
3.0266666666666664
3.0133333333333328
3.04
3.079999999999999
3.133333333333333
3.0933333333333337
3.0533333333333337
3.16
3.0266666666666664
3.0666666666666664
3.0133333333333328
3.0533333333333337
3.1066666666666665
3.16
3.1466666666666674
3.0533333333333337
3.0266666666666664
3.0533333333333337
3.0533333333333337
3.0933333333333337
3.16
3.1466666666666674
3.1066666666666665
1.8099999999999996
2.2366666666666672
2.463333333333334
2.4733333333333336
2.3599999999999994
2.5700000000000003
2.5300000000000002
2.7366666666666672
2.5666666666666664
2.6033333333333326
1.0099999999999998
1.0899999999999999
-0.8300000000000001
-0.81
1.3899999999999997
1.0333333333333332
1.1000000000000005
1.123333333333333
1.1600000000000001
1.2133333333333338
1.2599999999999998
1.1933333333333334
1.9500000000000002
1.9400000000000004
1.83
1.5899999999999999
2.0700000000000003
1.9833333333333334
1.9299999999999997
1.88
2.2700000000000005
2.45
2.3999999999999995
2.34
2.5199999999999996
2.4800000000000004
2.62
2.55
2.59
2.579999999999999
2.5100000000000007
2.55
2.66
2.7399999999999993
2.7399999999999993
2.79
2.59
2.54
-0.71
-2.46
-2.4266666666666667
-2.3266666666666667
-2.3
-2.1233333333333335
-2.0633333333333335
-1.97
-1.86
-1.8866666666666667
-1.8033333333333335
-1.75
-1.0899999999999999
-1.0833333333333333
-1.05
-1.05
-1.0166666666666666
-0.9700000000000002
-0.9466666666666668
-0.9066666666666667
-0.8799999999999999
-0.8633333333333333
-0.8333333333333335
-0.77
-0.7533333333333334
-0.71
-0.6699999999999999
-0.6533333333333333
-0.646666666666667
-0.6366666666666667
-0.646666666666667
-0.6366666666666667
-0.6600000000000001
-0.6400000000000001
-0.6200000000000001
-0.6200000000000001
-0.6200000000000001
-0.6099999999999999
-0.56
-1.0766666666666669
-1.0233333333333334
-0.94
-0.77
-0.8466666666666667
-0.75
-0.7633333333333332
-0.7333333333333334
-0.5366666666666666
-0.5233333333333334
-0.4933333333333336
-0.45666666666666655
-0.4833333333333334
-0.33666666666666645
-0.6400000000000001
-0.6133333333333333
-0.48
-0.4533333333333336
-0.3466666666666667
-0.3466666666666667
-0.26666666666666705
-0.2400000000000002
-0.21333333333333337
-0.21333333333333337
-0.18666666666666698
-0.18666666666666698
-0.16000000000000014
-0.10666666666666691
-0.08000000000000007
-0.05333333333333323
-0.05333333333333323
-0.05333333333333323
-0.05333333333333323
-0.05333333333333323
-0.05333333333333323
-0.02666666666666684
-0.02666666666666684
-0.02666666666666684
-0.02666666666666684
-0.009999999999999787
-0.009999999999999787
-0.009999999999999787
-0.009999999999999787
-0.02666666666666684
-0.02666666666666684
-0.009999999999999787
-0.009999999999999787
-0.009999999999999787
-0.009999999999999787
-0.009999999999999787
-0.009999999999999787
-0.009999999999999787
-0.02666666666666684
-0.009999999999999787
0.0
0.0
0.0
0.0
0.0
0.0
0.0
0.0
-1.4333333333333333
-1.4166666666666667
-1.3833333333333335
-1.3166666666666667
-1.2833333333333332
-1.2
-1.2166666666666668
-1.2166666666666668
-1.2
-1.2
-1.2
-1.1833333333333333
-1.1833333333333333
-1.1333333333333335
-1.1166666666666665
-1.0833333333333333
-1.0833333333333333
-1.05
-1.0333333333333332
-2.6666666666666665
-2.6666666666666665
-2.6666666666666665
-1.0333333333333332
-1.0333333333333332
-1.0333333333333332
-1.0333333333333332
-1.0333333333333332
-1.0333333333333332
-1.0166666666666666
-1.0
-1.0
-1.0
-2.6666666666666665
-2.6666666666666665
-2.6666666666666665
-2.6666666666666665
-2.6666666666666665
-2.6666666666666665
-2.6666666666666665
-2.6666666666666665
-1.0
-1.0
-1.0
-1.0
-1.0
-1.0
-1.0
-2.6666666666666665
-2.6666666666666665
-2.6666666666666665
-2.6666666666666665
-2.6666666666666665
-2.6666666666666665
-2.6666666666666665
-2.6666666666666665
-2.6666666666666665
-2.6666666666666665
-2.6666666666666665
-2.6666666666666665
-2.6666666666666665
-2.6666666666666665
-2.6666666666666665
-2.6666666666666665
-2.6666666666666665
-1.0
-1.0
-1.0
-1.0
-1.0
-1.0
-1.0
-1.0
-2.6666666666666665
-2.6666666666666665
-2.6666666666666665
-2.6666666666666665
-2.6666666666666665
-2.6666666666666665
-1.0
-1.0
-1.0
-2.6666666666666665
-2.6666666666666665
-2.6666666666666665
-2.6666666666666665
-2.6666666666666665
-2.6666666666666665
-2.6666666666666665
-2.6666666666666665
-2.6666666666666665
-2.6666666666666665
-2.6666666666666665
-2.6666666666666665
-2.6666666666666665
-2.6666666666666665
-2.6666666666666665
-2.6666666666666665
-2.6666666666666665
-2.6666666666666665
-2.6666666666666665
0.0
0.0
0.0
0.0
0.0
0.0
0.0
0.0
0.0
0.0
0.0
0.0
0.0
0.0
0.0
0.0
0.0
0.0
0.0
0.0
0.0
0.0
0.0
0.0
0.0
0.0
0.0
0.0
0.0
0.0
0.0
0.0
0.0
0.0
0.0
0.0
0.0
0.0
0.0
0.0
0.0
0.0
0.0
0.0
0.0
0.0
0.0
0.0
0.0
0.0
0.0
0.0
0.0
0.0
0.0
0.0
0.0
0.0
0.0
0.0
0.0
0.0
0.0
0.0
0.0
0.0
0.0
0.0
0.0
0.0
0.0
0.0
0.0
0.0
0.0
0.0
0.0
0.0
0.0
0.0
0.0
0.0
0.0
0.0
0.0
0.0
0.0
0.0
0.0
0.0
0.0
0.0
0.0
0.0
0.0
0.0
0.0
0.0
0.0
0.0
0.0
0.0
0.0
0.0
0.0
0.0
0.0
0.0
0.0
0.0
0.0
0.0
0.0
0.0
0.0
0.0
0.0
0.0
0.0
0.0
0.0
0.0
0.0
0.0
0.0
0.0
0.0
0.0
0.0
0.0
0.0
0.0
0.0
0.0
0.0
0.0
0.0
0.0
0.0
0.0
0.0
0.0
0.0
0.0
0.0
0.0
0.0
0.0
0.0
0.0
0.0
0.0
0.0
0.0
0.0
0.0
0.0
0.0
0.0
0.0
0.0
0.0
0.0
0.0
0.0
0.0
0.0
0.0
0.0
0.0
0.0
0.0
0.0
0.0
0.0
0.0
0.0
0.0
0.0
0.0
0.0
0.0
0.0
0.0
0.0
0.0
0.0
0.0
0.0
0.0
0.0
0.0
0.0
0.0
0.0
0.0
0.0
0.0
0.0
0.0
-2.6666666666666665
-2.6666666666666665
-2.6666666666666665
-2.6666666666666665
-2.6666666666666665
-2.6666666666666665
-2.6666666666666665
-2.6666666666666665
-2.6666666666666665
-2.6666666666666665
-2.6666666666666665
-2.6666666666666665
-2.6666666666666665
-2.6666666666666665
-1.0
-1.0
-1.0
-1.0
-1.0
-1.0
-1.0
-1.0
-1.0
-2.6666666666666665
-2.6666666666666665
-2.6666666666666665
-2.6666666666666665
-2.6666666666666665
-2.6666666666666665
-1.0
-2.6666666666666665
-2.6666666666666665
-2.6666666666666665
-2.6666666666666665
-2.6666666666666665
-2.6666666666666665
-2.6666666666666665
-2.6666666666666665
-2.6666666666666665
-2.6666666666666665
-2.6666666666666665
-2.6666666666666665
-2.6666666666666665
-2.6666666666666665
-1.0
-1.0
-1.0
-1.0
-1.0
-1.0
-1.0
-1.0
-1.0
-1.0
-1.0
-1.0
-1.0
-1.0
-1.0
-1.0
-1.0
-1.0
-1.0
-1.0
-1.0
-1.0
-1.0
-1.0
-1.0
-1.0
-1.0
-1.0
-1.0
-1.0
-1.0
-1.0
-1.0
-1.0
-1.0
-1.0
-1.0
-1.0
-2.6666666666666665
-2.6666666666666665
-2.6666666666666665
-1.0
-1.0
-2.6666666666666665
-2.6666666666666665
-2.6666666666666665
-2.6666666666666665
-2.6666666666666665
-2.6666666666666665
-1.0
-1.0
-1.0
-1.0
-1.0
-1.0
-1.0
-1.0
-1.0
-1.0
-1.0
-1.0
-1.0
-1.0
-1.0
-1.0
-1.0
-1.0
-1.0
-1.0
-2.6666666666666665
-2.6666666666666665
-2.6666666666666665
-2.6666666666666665
-1.0
-1.0
-1.0
-1.0
-1.0
-1.0
-1.0
-1.0
-1.0
-1.0
-1.0
-1.0
-2.6666666666666665
-2.6666666666666665
-2.6666666666666665
-2.6666666666666665
-2.6666666666666665
-2.6666666666666665
-2.6666666666666665
-2.6666666666666665
-2.6666666666666665
-2.6666666666666665
-2.6666666666666665
-2.6666666666666665
-2.6666666666666665
-1.0
-1.0
-1.0
-1.0
-1.0
-1.0
-1.0
-1.0
-1.0
-1.0
-1.0
-1.0
-1.0
-1.0
-1.0
-1.0
-1.0
-1.0
-1.0
-1.0
-1.0
-1.0
-1.0
-1.0
-1.0
-1.0
-1.0
-1.0
-1.0
-1.0
-1.0
-1.0
-1.0
-1.0
-1.0
-1.0
-1.0
-1.0
-1.0
-1.0
-1.0
-1.0
-1.0
-1.0
-1.0
-1.0
-1.0
-2.6666666666666665
-2.6666666666666665
-2.6666666666666665
-2.6666666666666665
-2.6666666666666665
-2.6666666666666665
-2.6666666666666665
-2.6666666666666665
-2.6666666666666665
-2.6666666666666665
-2.6666666666666665
0.0
0.0
0.0
0.0
0.0
0.0
0.0
0.0
0.0
0.0
0.0
0.0
0.0
0.0
0.0
0.0
0.0
0.0
0.0
0.0
0.0
0.0
0.0
0.0
0.0
0.0
0.0
0.0
0.0
0.0
0.0
0.0
0.0
0.0
0.0
0.0
0.0
0.0
0.0
0.0
0.0
0.0
0.0
0.0
0.0
0.0
0.0
0.0
0.0
0.0
0.0
0.0
0.0
0.0
0.0
0.0
0.0
0.0
0.0
0.0
0.0
0.0
0.0
0.0
0.0
0.0
0.0
0.0
0.0
0.0
0.0
0.0
0.0
0.0
0.0
0.0
0.0
0.0
0.0
0.0
0.0
0.0
0.0
0.0
0.0
0.0
0.0
0.0
0.0
0.0
0.0
0.0
0.0
0.0
0.0
0.0
0.0
0.0
0.0
0.0
-2.6666666666666665
-2.6666666666666665
-2.6666666666666665
-2.6666666666666665
-2.6666666666666665
-2.6666666666666665
-2.6666666666666665
-2.6666666666666665
-2.6666666666666665
-2.6666666666666665
-1.0
-1.0
-1.0
-1.0
-1.0
-1.0
-1.0
-1.0
-1.0
-2.6666666666666665
-2.6666666666666665
-2.6666666666666665
-2.6666666666666665
-2.6666666666666665
-2.6666666666666665
-2.6666666666666665
-2.6666666666666665
-1.0
-1.0
-2.6666666666666665
-2.6666666666666665
-2.6666666666666665
-2.6666666666666665
-2.6666666666666665
-2.6666666666666665
-2.6666666666666665
-2.6666666666666665
-2.6666666666666665
-2.6666666666666665
-2.6666666666666665
-2.6666666666666665
-2.6666666666666665
-2.6666666666666665
-2.6666666666666665
-2.6666666666666665
-2.6666666666666665
-2.6666666666666665
-2.6666666666666665
-2.6666666666666665
-2.6666666666666665
-2.6666666666666665
-2.6666666666666665
-2.6666666666666665
-2.6666666666666665
-2.6666666666666665
-2.6666666666666665
-2.6666666666666665
-2.6666666666666665
-2.6666666666666665
-2.6666666666666665
-2.6666666666666665
-2.6666666666666665
-2.6666666666666665
-2.6666666666666665
-2.6666666666666665
-2.6666666666666665
-2.6666666666666665
-2.6666666666666665
-2.6666666666666665
-1.0
-2.6666666666666665
-1.0
-1.0
-1.0
-1.0
-1.0
-1.0
-1.0
-1.0
-1.0
-1.0
-2.6666666666666665
-2.6666666666666665
-2.6666666666666665
-2.6666666666666665
-2.6666666666666665
-1.0
-1.0
-1.0
-1.0
-1.0
-1.0
-1.0
-2.6666666666666665
-2.6666666666666665
-2.6666666666666665
-2.6666666666666665
-2.6666666666666665
-2.6666666666666665
-2.6666666666666665
-1.0
-1.0
-1.0
-1.0
-1.0
-1.0
-1.0
-1.0
-1.0
-1.0
-1.0
-1.0
-1.0
-1.0
-1.0
-1.0
-1.0
-2.6666666666666665
-2.6666666666666665
-2.6666666666666665
-2.6666666666666665
-2.6666666666666665
-2.6666666666666665
-2.6666666666666665
-2.6666666666666665
-2.6666666666666665
-2.6666666666666665
-2.6666666666666665
-2.6666666666666665
-2.6666666666666665
-2.6666666666666665
-2.6666666666666665
-2.6666666666666665
-2.6666666666666665
-2.6666666666666665
-1.0
-1.0
-2.6666666666666665
-2.6666666666666665
-2.6666666666666665
-2.6666666666666665
-2.6666666666666665
-2.6666666666666665
-2.6666666666666665
-2.6666666666666665
-2.6666666666666665
-2.6666666666666665
-2.6666666666666665
-2.6666666666666665
-1.0
-1.0
-1.0
-1.0
-2.6666666666666665
-2.6666666666666665
-2.6666666666666665
-2.6666666666666665
-1.0
-1.0
-1.0
-1.0
-1.0
-1.0
-1.0
-1.0
-1.0
-1.0
-1.0
-1.0
-1.0
-1.0
-1.0
-1.0
-1.0
-1.0
-1.0
-1.0
-1.0
-1.0
-1.0
-1.0
-1.0
-1.0
-1.0
-1.0
-1.0
-1.0
-1.0
-1.0
-1.0
-1.0
-1.0
-1.0
-1.0
-1.0
-1.0
-1.0
-1.0
-1.0
-1.0
0.0
0.0
0.0
0.0
0.0
0.0
0.0
0.0
0.0
0.0
0.0
0.0
0.0
0.0
0.0
0.0
0.0
0.0
0.0
0.0
0.0
0.0
0.0
0.0
0.0
0.0
0.0
0.0
0.0
0.0
0.0
0.0
0.0
0.0
0.0
0.0
0.0
0.0
0.0
0.0
0.0
0.0
0.0
0.0
0.0
0.0
0.0
0.0
0.0
0.0
0.0
0.0
0.0
0.0
0.0
0.0
0.0
0.0
0.0
0.0
0.0
0.0
0.0
0.0
0.0
0.0
0.0
0.0
0.0
0.0
0.0
0.0
0.0
0.0
0.0
0.0
0.0
0.0
0.0
0.0
0.0
0.0
0.0
0.0
0.0
0.0
0.0
0.0
0.0
0.0
0.0
0.0
0.0
0.0
0.0
0.0
0.0
0.0
0.0
0.0
-2.6666666666666665
-1.0
-1.0
-1.0
-1.0
-1.0
-2.6666666666666665
-2.6666666666666665
-2.6666666666666665
-1.0
-1.0
-1.0
-1.0
-1.0
-1.0
-1.0
-2.6666666666666665
-1.0
-1.0
-1.0
-1.0
-1.0
-1.0
-1.0
-1.0
-2.6666666666666665
-2.6666666666666665
-2.6666666666666665
-2.6666666666666665
-2.6666666666666665
-2.6666666666666665
-2.6666666666666665
-2.6666666666666665
-2.6666666666666665
-2.6666666666666665
-2.6666666666666665
-2.6666666666666665
-1.0
-1.0
-1.0
-1.0
-1.0
-1.0
-1.0
-1.0
-1.0
-1.0
-1.0
-1.0
-1.0
-1.0
-1.0
-1.0
-1.0
-1.0
-1.0
-1.0
-1.0
-1.0
-1.0
-1.0
-1.0
-1.0
-1.0
-1.0
-1.0
-1.0
-1.0
-1.0
-1.0
-1.0
-1.0
-1.0
-1.0
-1.0
-1.0
-1.0
-1.0
-1.0
-1.0
-1.0
-2.6666666666666665
-2.6666666666666665
-2.6666666666666665
-2.6666666666666665
-2.6666666666666665
-2.6666666666666665
-2.6666666666666665
-2.6666666666666665
-2.6666666666666665
-2.6666666666666665
-2.6666666666666665
-1.0
-1.0
-1.0
-1.0
-1.0
-1.0
-1.0
-1.0
0.0
0.0
0.0
0.0
0.0
0.0
0.0
0.0
0.0
0.0
0.0
0.0
0.0
0.0
0.0
0.0
0.0
0.0
0.0
0.0
0.0
0.0
0.0
0.0
0.0
0.0
0.0
0.0
0.0
0.0
0.0
0.0
0.0
0.0
0.0
0.0
0.0
0.0
0.0
0.0
0.0
0.0
0.0
0.0
0.0
0.0
0.0
0.0
0.0
0.0
0.0
0.0
0.0
0.0
0.0
0.0
0.0
0.0
0.0
0.0
0.0
0.0
0.0
0.0
0.0
0.0
0.0
0.0
0.0
0.0
0.0
0.0
0.0
0.0
0.0
0.0
0.0
0.0
0.0
0.0
0.0
0.0
0.0
0.0
0.0
0.0
0.0
0.0
0.0
0.0
0.0
0.0
0.0
0.0
0.0
0.0
0.0
0.0
0.0
0.0
0.0
0.0
0.0
0.0
0.0
0.0
0.0
0.0
0.0
0.0
0.0
0.0
0.0
0.0
0.0
0.0
0.0
0.0
0.0
0.0
0.0
0.0
0.0
0.0
0.0
0.0
0.0
0.0
0.0
0.0
0.0
0.0
0.0
0.0
0.0
0.0
0.0
0.0
0.0
0.0
0.0
0.0
0.0
0.0
0.0
0.0
0.0
0.0
0.0
0.0
0.0
0.0
0.0
0.0
0.0
0.0
0.0
0.0
0.0
0.0
0.0
0.0
0.0
0.0
0.0
0.0
0.0
0.0
0.0
0.0
0.0
0.0
0.0
0.0
0.0
0.0
0.0
0.0
0.0
0.0
0.0
0.0
0.0
0.0
0.0
0.0
0.0
0.0
0.0
0.0
0.0
0.0
0.0
0.0
0.0
0.0
0.0
0.0
0.0
0.0
0.0
0.0
0.0
0.0
0.0
0.0
0.0
0.0
0.0
0.0
0.0
0.0
0.0
0.0
0.0
0.0
0.0
0.0
0.0
0.0
0.0
0.0
0.0
0.0
0.0
0.0
0.0
0.0
0.0
0.0
0.0
0.0
0.0
0.0
0.0
0.0
0.0
0.0
0.0
0.0
0.0
0.0
0.0
0.0
0.0
0.0
0.0
0.0
0.0
0.0
0.0
0.0
0.0
0.0
0.0
0.0
0.0
0.0
0.0
0.0
0.0
0.0
0.0
0.0
0.0
0.0
0.0
0.0
0.0
0.0
0.0
0.0
0.0
0.0
0.0
0.0
0.0
0.0
0.0
0.0
0.0
0.0
0.0
0.0
0.0
0.0
0.0
0.0
0.0
0.0
0.0
0.0
0.0
0.0
0.0
0.0
0.0
0.0
0.0
0.0
-2.6666666666666665
-2.6666666666666665
-2.6666666666666665
-2.6666666666666665
-2.6666666666666665
-2.6666666666666665
-1.0
-2.6666666666666665
-2.6666666666666665
-1.0
-1.0
-1.0
-1.0
-2.6666666666666665
-2.6666666666666665
-2.6666666666666665
-2.6666666666666665
-2.6666666666666665
-2.6666666666666665
-2.6666666666666665
-2.6666666666666665
-2.6666666666666665
-1.0
-1.0
-1.0
-1.0
-2.6666666666666665
-2.6666666666666665
-2.6666666666666665
-2.6666666666666665
-2.6666666666666665
-1.0
-1.0
-1.0
-1.0
-1.0
-1.0
-1.0
-1.0
-1.0
-1.0
-1.0
-1.0
-1.0
-1.0
-1.0
-1.0
-1.0
-1.0
-1.0
-2.6666666666666665
-1.0
-1.0
-1.0
-1.0
-1.0
-1.0
-2.6666666666666665
-2.6666666666666665
-2.6666666666666665
-2.6666666666666665
-2.6666666666666665
-2.6666666666666665
-2.6666666666666665
-2.6666666666666665
-2.6666666666666665
-2.6666666666666665
-2.6666666666666665
-1.0
-1.0
-1.0
-2.6666666666666665
-1.0
-1.0
-2.6666666666666665
-2.6666666666666665
-2.6666666666666665
-2.6666666666666665
-2.6666666666666665
-2.6666666666666665
-1.0
-2.6666666666666665
-2.6666666666666665
-1.0
-1.0
-1.0
-1.0
-1.0
-1.0
-1.0
-1.0
-1.0
-1.0
-1.0
-1.0
-1.0
-1.0
-1.0
-1.0
-1.0
-1.0
-1.0
-1.0
-1.0
-1.0
-1.0
-1.0
-1.0
-1.0
-1.0
-1.0
-1.0
-1.0
-1.0
-1.0
-1.0
-1.0
-1.0
-1.0
-1.0
-1.0
-1.0
-1.0
-1.0
-1.0
-1.0
-1.0
-1.0
-1.0
-1.0
-1.0
-1.0
-1.0
-1.0
-1.0
-2.6666666666666665
-2.6666666666666665
-2.6666666666666665
-2.6666666666666665
-2.6666666666666665
-2.6666666666666665
-2.6666666666666665
-2.6666666666666665
-2.6666666666666665
-2.6666666666666665
-1.0
-1.0
-1.0
-1.0
-1.0
-1.0
-1.0
-1.0
-1.0
-1.0
-1.0
-1.0
-1.0
-1.0
-1.0
-1.0
-1.0
-1.0
-1.0
-1.0
-1.0
-1.0
-1.0
-1.0
-1.0
-1.0
-1.0
-1.0
-1.0
-1.0
-1.0
-1.0
-1.0
-1.0
-1.0
-1.0
-1.0
-1.0
-1.0
-1.0
-1.0
-1.0
-1.0
-1.0
-1.0
-1.0
-1.0
-1.0
-1.0
-1.0
-1.0
-1.0
-1.0
-1.0
-2.6666666666666665
0.0
0.0
0.0
0.0
0.0
0.0
0.0
0.0
0.0
0.0
0.0
0.0
0.0
0.0
0.0
0.0
0.0
0.0
0.0
0.0
0.0
0.0
0.0
0.0
0.0
0.0
0.0
0.0
0.0
0.0
0.0
0.0
0.0
0.0
0.0
0.0
0.0
0.0
0.0
0.0
0.0
0.0
0.0
0.0
0.0
0.0
0.0
0.0
0.0
0.0
0.0
0.0
0.0
0.0
0.0
0.0
0.0
0.0
0.0
0.0
0.0
0.0
0.0
0.0
0.0
0.0
0.0
0.0
0.0
0.0
0.0
0.0
0.0
0.0
0.0
0.0
0.0
0.0
0.0
0.0
0.0
0.0
0.0
0.0
0.0
0.0
0.0
0.0
0.0
0.0
0.0
0.0
0.0
0.0
0.0
0.0
0.0
0.0
0.0
0.0
-2.6666666666666665
-2.6666666666666665
-2.6666666666666665
-2.6666666666666665
-2.6666666666666665
-2.6666666666666665
-2.6666666666666665
-2.6666666666666665
-2.6666666666666665
-2.6666666666666665
-2.6666666666666665
-2.6666666666666665
-1.0
-1.0
-1.0
-1.0
-1.0
-1.0
-1.0
-1.0
-1.0
-1.0
-2.6666666666666665
-2.6666666666666665
-2.6666666666666665
-2.6666666666666665
-2.6666666666666665
-2.6666666666666665
-1.0
-2.6666666666666665
-1.0
-1.0
-1.0
-1.0
-1.0
-1.0
-2.6666666666666665
-2.6666666666666665
-2.6666666666666665
-2.6666666666666665
-2.6666666666666665
-2.6666666666666665
-2.6666666666666665
-2.6666666666666665
-2.6666666666666665
-2.6666666666666665
-2.6666666666666665
-2.6666666666666665
-2.6666666666666665
-2.6666666666666665
-2.6666666666666665
-2.6666666666666665
-2.6666666666666665
-2.6666666666666665
-2.6666666666666665
-2.6666666666666665
-1.0
-1.0
-1.0
-1.0
-2.6666666666666665
-1.0
-1.0
-1.0
-1.0
-1.0
-1.0
-1.0
-1.0
-1.0
-1.0
-1.0
-1.0
-1.0
-2.6666666666666665
-2.6666666666666665
-2.6666666666666665
-2.6666666666666665
-2.6666666666666665
-2.6666666666666665
-1.0
-1.0
-1.0
-1.0
-1.0
-1.0
-1.0
-1.0
-1.0
-1.0
-1.0
-1.0
-1.0
-1.0
-1.0
-1.0
-1.0
-1.0
-1.0
-1.0
0.0
0.0
0.0
0.0
0.0
0.0
0.0
0.0
0.0
0.0
0.0
0.0
0.0
0.0
0.0
0.0
0.0
0.0
0.0
0.0
0.0
0.0
0.0
0.0
0.0
0.0
0.0
0.0
0.0
0.0
0.0
0.0
0.0
0.0
0.0
0.0
0.0
0.0
0.0
0.0
0.0
0.0
0.0
0.0
0.0
0.0
0.0
0.0
0.0
0.0
0.0
0.0
0.0
0.0
0.0
0.0
0.0
0.0
0.0
0.0
0.0
0.0
0.0
0.0
0.0
0.0
0.0
0.0
0.0
0.0
0.0
0.0
0.0
0.0
0.0
0.0
0.0
0.0
0.0
0.0
0.0
0.0
0.0
0.0
0.0
0.0
0.0
0.0
0.0
0.0
0.0
0.0
0.0
0.0
0.0
0.0
0.0
0.0
0.0
0.0
0.0
0.0
0.0
0.0
0.0
0.0
0.0
0.0
0.0
0.0
0.0
0.0
0.0
0.0
0.0
0.0
0.0
0.0
0.0
0.0
0.0
0.0
0.0
0.0
0.0
0.0
0.0
0.0
0.0
0.0
0.0
0.0
0.0
0.0
0.0
0.0
0.0
0.0
0.0
0.0
0.0
0.0
0.0
0.0
0.0
0.0
0.0
0.0
0.0
0.0
0.0
0.0
0.0
0.0
0.0
0.0
0.0
0.0
0.0
0.0
0.0
0.0
0.0
0.0
0.0
0.0
0.0
0.0
0.0
0.0
0.0
0.0
0.0
0.0
0.0
0.0
0.0
0.0
0.0
0.0
0.0
0.0
0.0
0.0
0.0
0.0
0.0
0.0
0.0
0.0
0.0
0.0
0.0
0.0
0.0
0.0
0.0
0.0
0.0
0.0
-1.0
-1.0
-1.0
-1.0
-1.0
-1.0
-1.0
-1.0
-1.0
-2.6666666666666665
-2.6666666666666665
-2.6666666666666665
-1.0
-1.0
-1.0
-1.0
-2.6666666666666665
-2.6666666666666665
-1.0
-1.0
-1.0
-1.0
-1.0
-1.0
-1.0
-1.0
-2.6666666666666665
-2.6666666666666665
-2.6666666666666665
-2.6666666666666665
-1.0
-1.0
-1.0
-1.0
-1.0
-1.0
-1.0
-2.6666666666666665
-2.6666666666666665
-2.6666666666666665
-2.6666666666666665
-2.6666666666666665
-2.6666666666666665
-2.6666666666666665
-2.6666666666666665
-2.6666666666666665
-2.6666666666666665
-2.6666666666666665
-1.0
-1.0
-1.0
-2.6666666666666665
-2.6666666666666665
-2.6666666666666665
-2.6666666666666665
-1.0
-1.0
-1.0
-1.0
-1.0
-1.0
-1.0
-1.0
-1.0
-1.0
-1.0
-1.0
-2.6666666666666665
-2.6666666666666665
-2.6666666666666665
-2.6666666666666665
-2.6666666666666665
-2.6666666666666665
-2.6666666666666665
-2.6666666666666665
-1.0
-1.0
-1.0
-1.0
-1.0
-2.6666666666666665
-2.6666666666666665
-2.6666666666666665
-2.6666666666666665
-2.6666666666666665
-2.6666666666666665
-2.6666666666666665
-2.6666666666666665
-2.6666666666666665
-2.6666666666666665
-2.6666666666666665
-1.0
-1.0
-1.0
-1.0
-1.0
-1.0
-1.0
-1.0
-1.0
-1.0
-1.0
-2.6666666666666665
-2.6666666666666665
-2.6666666666666665
-2.6666666666666665
-2.6666666666666665
-2.6666666666666665
-2.6666666666666665
-2.6666666666666665
-2.6666666666666665
-2.6666666666666665
-2.6666666666666665
-2.6666666666666665
-2.6666666666666665
-2.6666666666666665
-1.0
-1.0
-1.0
-1.0
-1.0
-1.0
-1.0
-1.0
-1.0
-1.0
-1.0
-1.0
-1.0
-1.0
-1.0
-1.0
-1.0
-1.0
-2.6666666666666665
-2.6666666666666665
-2.6666666666666665
-2.6666666666666665
-2.6666666666666665
-2.6666666666666665
-2.6666666666666665
-1.0
-1.0
-1.0
-1.0
-1.0
-1.0
-2.6666666666666665
-2.6666666666666665
-2.6666666666666665
-2.6666666666666665
-2.6666666666666665
-1.0
-1.0
-1.0
-1.0
-1.0
-1.0
-1.0
-1.0
-1.0
-1.0
-1.0
-2.6666666666666665
-2.6666666666666665
-2.6666666666666665
-2.6666666666666665
-2.6666666666666665
-2.6666666666666665
-2.6666666666666665
-2.6666666666666665
-1.0
-1.0
-2.6666666666666665
-2.6666666666666665
-2.6666666666666665
-2.6666666666666665
-2.6666666666666665
-2.6666666666666665
-2.6666666666666665
-2.6666666666666665
-2.6666666666666665
-2.6666666666666665
-2.6666666666666665
-2.6666666666666665
-1.0
-1.0
-1.0
-1.0
-1.0
-1.0
-1.0
-1.0
-1.0
-1.0
-1.0
-1.0
-1.0
-2.6666666666666665
-2.6666666666666665
-2.6666666666666665
-2.6666666666666665
-2.6666666666666665
-2.6666666666666665
-2.6666666666666665
-2.6666666666666665
-1.0
-1.0
-1.0
-1.0
-1.0
-1.0
-1.0
-1.0
-1.0
-1.0
-1.0
-1.0
-1.0
-1.0
-1.0
-1.0
-1.0
-1.0
-1.0
-1.0
-1.0
-2.6666666666666665
-2.6666666666666665
-2.6666666666666665
-2.6666666666666665
-2.6666666666666665
-2.6666666666666665
-2.6666666666666665
-2.6666666666666665
-2.6666666666666665
-2.6666666666666665
-2.6666666666666665
-2.6666666666666665
-2.6666666666666665
-2.6666666666666665
-2.6666666666666665
-2.6666666666666665
-2.6666666666666665
-2.6666666666666665
-2.6666666666666665
-2.6666666666666665
-2.6666666666666665
-2.6666666666666665
-2.6666666666666665
-2.6666666666666665
-2.6666666666666665
-2.6666666666666665
-2.6666666666666665
-2.6666666666666665
-2.6666666666666665
-2.6666666666666665
-2.6666666666666665
-2.6666666666666665
-2.6666666666666665
-1.0
-1.0
-1.0
-1.0
-1.0
-1.0
-1.0
-1.0
-1.0
-1.0
-1.0
-1.0
-1.0
-1.0
-2.6666666666666665
-2.6666666666666665
-2.6666666666666665
-1.0
-1.0
-1.0
-1.0
-1.0
-1.0
-2.6666666666666665
-2.6666666666666665
-2.6666666666666665
-2.6666666666666665
-2.6666666666666665
-2.6666666666666665
-1.0
-1.0
-1.0
-1.0
-1.0
-1.0
-1.0
-1.0
-1.0
-1.0
-1.0
-2.6666666666666665
-2.6666666666666665
-2.6666666666666665
-2.6666666666666665
-2.6666666666666665
-2.6666666666666665
-2.6666666666666665
-2.6666666666666665
-2.6666666666666665
-2.6666666666666665
-2.6666666666666665
-2.6666666666666665
-2.6666666666666665
-1.0
-1.0
-1.0
-1.0
-1.0
-1.0
-1.0
-1.0
-1.0
-2.6666666666666665
-2.6666666666666665
-2.6666666666666665
-2.6666666666666665
-2.6666666666666665
-2.6666666666666665
-2.6666666666666665
-2.6666666666666665
-2.6666666666666665
-2.6666666666666665
-2.6666666666666665
-2.6666666666666665
-2.6666666666666665
-2.6666666666666665
-2.6666666666666665
-2.6666666666666665
-2.6666666666666665
-1.0
-1.0
-1.0
-1.0
-1.0
-1.0
-1.0
-1.0
-1.0
-1.0
-1.0
-1.0
-1.0
-1.0
-1.0
-2.6666666666666665
-2.6666666666666665
-2.6666666666666665
-2.6666666666666665
-2.6666666666666665
-1.0
-1.0
-1.0
-1.0
-1.0
-1.0
-1.0
-1.0
-1.0
-1.0
-1.0
-1.0
-1.0
-1.0
-1.0
-1.0
-1.0
-1.0
-1.0
-1.0
-1.0
-2.6666666666666665
-2.6666666666666665
-2.6666666666666665
-2.6666666666666665
-2.6666666666666665
-1.0
-1.0
-1.0
-1.0
-1.0
-1.0
-1.0
-1.0
-1.0
-1.0
-1.0
-1.0
-1.0
-1.0
-1.0
0.0
0.0
0.0
0.0
0.0
0.0
0.0
0.0
0.0
0.0
0.0
0.0
0.0
0.0
0.0
0.0
0.0
0.0
0.0
0.0
0.0
0.0
0.0
0.0
0.0
0.0
0.0
0.0
0.0
0.0
0.0
0.0
0.0
0.0
0.0
0.0
0.0
0.0
0.0
0.0
0.0
0.0
0.0
0.0
0.0
0.0
0.0
0.0
0.0
0.0
0.0
0.0
0.0
0.0
0.0
0.0
0.0
0.0
0.0
0.0
0.0
0.0
0.0
0.0
0.0
0.0
0.0
0.0
0.0
0.0
0.0
0.0
0.0
0.0
0.0
0.0
0.0
0.0
0.0
0.0
0.0
0.0
0.0
0.0
0.0
0.0
0.0
0.0
0.0
0.0
0.0
0.0
0.0
0.0
0.0
0.0
0.0
0.0
0.0
0.0
-2.6666666666666665
-2.6666666666666665
-2.6666666666666665
-2.6666666666666665
-2.6666666666666665
-2.6666666666666665
-2.6666666666666665
-2.6666666666666665
-2.6666666666666665
-2.6666666666666665
-1.0
-1.0
-1.0
-2.6666666666666665
-2.6666666666666665
-2.6666666666666665
-1.0
-2.6666666666666665
-2.6666666666666665
-2.6666666666666665
-2.6666666666666665
-2.6666666666666665
-2.6666666666666665
-2.6666666666666665
-2.6666666666666665
-2.6666666666666665
-2.6666666666666665
-2.6666666666666665
-2.6666666666666665
-2.6666666666666665
-2.6666666666666665
-2.6666666666666665
-2.6666666666666665
-2.6666666666666665
-2.6666666666666665
-2.6666666666666665
-2.6666666666666665
-2.6666666666666665
-1.0
-1.0
-1.0
-1.0
-1.0
-2.6666666666666665
-2.6666666666666665
-2.6666666666666665
-2.6666666666666665
-2.6666666666666665
-2.6666666666666665
-2.6666666666666665
-2.6666666666666665
-2.6666666666666665
-2.6666666666666665
-2.6666666666666665
-2.6666666666666665
-2.6666666666666665
-2.6666666666666665
-2.6666666666666665
-2.6666666666666665
-2.6666666666666665
-2.6666666666666665
-1.0
-1.0
-1.0
-2.6666666666666665
-2.6666666666666665
-2.6666666666666665
-1.0
-1.0
-1.0
-1.0
-1.0
-1.0
-1.0
-1.0
-1.0
-1.0
-1.0
-1.0
-1.0
-1.0
-1.0
-1.0
-1.0
-1.0
-1.0
-1.0
-1.0
-2.6666666666666665
-2.6666666666666665
-2.6666666666666665
-1.0
-1.0
-1.0
-1.0
-1.0
-1.0
-1.0
-1.0
-2.6666666666666665
-2.6666666666666665
-2.6666666666666665
-2.6666666666666665
-2.6666666666666665
-2.6666666666666665
-2.6666666666666665
-2.6666666666666665
-2.6666666666666665
-2.6666666666666665
-2.6666666666666665
-2.6666666666666665
-2.6666666666666665
-2.6666666666666665
-2.6666666666666665
-2.6666666666666665
-2.6666666666666665
-2.6666666666666665
-2.6666666666666665
-2.6666666666666665
-2.6666666666666665
-2.6666666666666665
-2.6666666666666665
-2.6666666666666665
-2.6666666666666665
-2.6666666666666665
-2.6666666666666665
-2.6666666666666665
-2.6666666666666665
-2.6666666666666665
-2.6666666666666665
-2.6666666666666665
-2.6666666666666665
-1.0
-1.0
-1.0
-1.0
-1.0
-1.0
-2.6666666666666665
-2.6666666666666665
-2.6666666666666665
-1.0
-1.0
-1.0
-1.0
-1.0
-1.0
-1.0
-1.0
-1.0
-1.0
-1.0
-1.0
-1.0
-1.0
-1.0
-1.0
-1.0
-1.0
-1.0
-1.0
-1.0
-2.6666666666666665
-2.6666666666666665
-2.6666666666666665
-2.6666666666666665
-2.6666666666666665
-2.6666666666666665
-2.6666666666666665
-1.0
-1.0
-1.0
-1.0
-2.6666666666666665
-2.6666666666666665
-2.6666666666666665
-2.6666666666666665
-2.6666666666666665
-2.6666666666666665
-2.6666666666666665
-1.0
-1.0
-1.0
-1.0
-1.0
-1.0
-1.0
-1.0
-1.0
-1.0
-1.0
-1.0
-1.0
-1.0
-1.0
-1.0
-2.6666666666666665
-1.0
-1.0
-1.0
-1.0
-1.0
-1.0
-1.0
-1.0
-1.0
-1.0
-1.0
-1.0
-1.0
-1.0
-1.0
-1.0
-1.0
-1.0
-1.0
-1.0
-1.0
-1.0
-2.6666666666666665
-1.0
-1.0
-1.0
-1.0
-1.0
-1.0
-1.0
-1.0
-1.0
-1.0
-1.0
-2.6666666666666665
-2.6666666666666665
-2.6666666666666665
-1.0
-1.0
-1.0
-1.0
-1.0
-1.0
-1.0
-1.0
-1.0
-1.0
-1.0
-1.0
-2.6666666666666665
-2.6666666666666665
-1.0
-1.0
-1.0
-2.6666666666666665
-2.6666666666666665
-2.6666666666666665
-2.6666666666666665
-2.6666666666666665
-2.6666666666666665
-1.0
-1.0
-1.0
-1.0
-1.0
-1.0
-1.0
-1.0
-1.0
-1.0
-1.0
-1.0
-1.0
-1.0
-1.0
-1.0
-1.0
-1.0
-1.0
-1.0
-1.0
-1.0
-2.6666666666666665
-1.0
-1.0
-1.0
-1.0
-1.0
-1.0
-2.6666666666666665
-2.6666666666666665
-2.6666666666666665
-2.6666666666666665
-2.6666666666666665
-2.6666666666666665
-2.6666666666666665
-2.6666666666666665
-2.6666666666666665
-2.6666666666666665
-1.0
-1.0
-1.0
-2.6666666666666665
-2.6666666666666665
-2.6666666666666665
-2.6666666666666665
-1.0
-1.0
-1.0
-1.0
-1.0
-1.0
-1.0
-1.0
-1.0
-1.0
-1.0
-1.0
-1.0
-1.0
-1.0
-2.6666666666666665
-2.6666666666666665
-2.6666666666666665
-2.6666666666666665
-2.6666666666666665
-2.6666666666666665
-2.6666666666666665
-2.6666666666666665
-2.6666666666666665
-2.6666666666666665
-1.0
-1.0
-1.0
-1.0
-1.0
-1.0
-1.0
-1.0
-1.0
-1.0
-1.0
-1.0
-1.0
-1.0
-1.0
-1.0
-2.6666666666666665
-2.6666666666666665
-2.6666666666666665
-2.6666666666666665
-1.0
-1.0
-1.0
-1.0
-1.0
-1.0
-1.0
-1.0
-2.6666666666666665
-2.6666666666666665
-1.0
-1.0
-1.0
-1.0
-1.0
-1.0
-1.0
-1.0
-1.0
-1.0
-1.0
-1.0
-2.6666666666666665
-2.6666666666666665
-2.6666666666666665
-2.6666666666666665
-2.6666666666666665
-2.6666666666666665
-2.6666666666666665
-2.6666666666666665
-2.6666666666666665
-2.6666666666666665
-2.6666666666666665
-2.6666666666666665
-2.6666666666666665
-2.6666666666666665
-2.6666666666666665
-2.6666666666666665
-2.6666666666666665
-2.6666666666666665
-2.6666666666666665
-2.6666666666666665
-2.6666666666666665
-2.6666666666666665
-2.6666666666666665
-2.6666666666666665
-2.6666666666666665
-2.6666666666666665
-1.0
-1.0
-2.6666666666666665
-2.6666666666666665
-2.6666666666666665
-2.6666666666666665
-2.6666666666666665
-2.6666666666666665
-2.6666666666666665
-2.6666666666666665
-2.6666666666666665
-2.6666666666666665
-2.6666666666666665
-2.6666666666666665
-1.0
-1.0
-1.0
-1.0
-1.0
-1.0
-1.0
-2.6666666666666665
-2.6666666666666665
-2.6666666666666665
-2.6666666666666665
-2.6666666666666665
-2.6666666666666665
-2.6666666666666665
-1.0
-1.0
-1.0
-1.0
-1.0
-1.0
-1.0
-2.6666666666666665
-2.6666666666666665
-2.6666666666666665
-2.6666666666666665
-2.6666666666666665
-2.6666666666666665
-2.6666666666666665
-2.6666666666666665
-1.0
-1.0
-1.0
-1.0
-1.0
-1.0
-1.0
-1.0
-1.0
-1.0
-1.0
-1.0
-1.0
-1.0
-1.0
-1.0
-1.0
-1.0
-2.6666666666666665
-2.6666666666666665
-2.6666666666666665
-2.6666666666666665
-2.6666666666666665
-2.6666666666666665
-2.6666666666666665
-2.6666666666666665
-2.6666666666666665
-2.6666666666666665
-1.0
-1.0
-1.0
-1.0
-1.0
-1.0
-1.0
-2.6666666666666665
-1.0
-1.0
-1.0
-1.0
-1.0
-1.0
-1.0
-1.0
-1.0
-1.0
-1.0
-1.0
-1.0
-1.0
-1.0
-1.0
-1.0
-1.0
-1.0
-2.6666666666666665
-2.6666666666666665
-2.6666666666666665
-2.6666666666666665
-2.6666666666666665
-2.6666666666666665
-2.6666666666666665
-1.0
-1.0
-1.0
-1.0
-1.0
-1.0
-1.0
-1.0
-1.0
-1.0
-1.0
-1.0
-1.0
-1.0
-1.0
-2.6666666666666665
-2.6666666666666665
-2.6666666666666665
-2.6666666666666665
-2.6666666666666665
-2.6666666666666665
-2.6666666666666665
-1.0
-1.0
-1.0
-1.0
-1.0
-1.0
-1.0
-1.0
-1.0
-1.0
-1.0
-1.0
-1.0
-1.0
-1.0
-1.0
-1.0
-1.0
-1.0
-1.0
-1.0
-1.0
-1.0
-1.0
-1.0
-1.0
-1.0
-1.0
-1.0
-1.0
-1.0
-1.0
-1.0
-1.0
-1.0
-1.0
-1.0
-1.0
-1.0
-1.0
-1.0
-1.0
-2.6666666666666665
-1.0
-1.0
-1.0
-1.0
-1.0
-1.0
-1.0
-1.0
-1.0
-1.0
-2.6666666666666665
-1.0
-1.0
-1.0
-1.0
-1.0
-2.6666666666666665
-2.6666666666666665
-2.6666666666666665
-2.6666666666666665
-2.6666666666666665
-2.6666666666666665
-2.6666666666666665
-2.6666666666666665
-1.0
-1.0
-1.0
-1.0
-1.0
-1.0
-1.0
-1.0
-1.0
-1.0
-2.6666666666666665
-2.6666666666666665
-2.6666666666666665
-2.6666666666666665
-2.6666666666666665
-2.6666666666666665
-2.6666666666666665
-2.6666666666666665
-2.6666666666666665
-2.6666666666666665
-1.0
-1.0
-1.0
-1.0
-1.0
-1.0
-1.0
-1.0
-1.0
-1.0
-1.0
-1.0
-1.0
-1.0
-1.0
-1.0
-1.0
-2.6666666666666665
-2.6666666666666665
-2.6666666666666665
-2.6666666666666665
-2.6666666666666665
-2.6666666666666665
-2.6666666666666665
-2.6666666666666665
-2.6666666666666665
-2.6666666666666665
-2.6666666666666665
-1.0
-1.0
-1.0
-1.0
-1.0
-1.0
-1.0
-1.0
-1.0
-1.0
-1.0
-1.0
-1.0
-1.0
-1.0
-1.0
-1.0
-1.0
-1.0
-1.0
-1.0
-1.0
-1.0
-1.0
-1.0
-1.0
-1.0
-1.0
-1.0
-1.0
-1.0
-1.0
-1.0
-1.0
-2.6666666666666665
-2.6666666666666665
-2.6666666666666665
-2.6666666666666665
-2.6666666666666665
-2.6666666666666665
-2.6666666666666665
-2.6666666666666665
-2.6666666666666665
-2.6666666666666665
-2.6666666666666665
-2.6666666666666665
-2.6666666666666665
-2.6666666666666665
-2.6666666666666665
-2.6666666666666665
-1.0
-2.6666666666666665
-1.0
-1.0
-1.0
-1.0
-1.0
-1.0
-1.0
-1.0
-1.0
-1.0
-1.0
-1.0
-1.0
-1.0
-1.0
-2.6666666666666665
-1.0
-1.0
-1.0
-1.0
-1.0
-1.0
-1.0
-2.6666666666666665
-1.0
-2.6666666666666665
-1.0
-1.0
-1.0
-1.0
-1.0
-1.0
-1.0
-1.0
-1.0
-1.0
-1.0
-1.0
-1.0
-1.0
-1.0
-1.0
-1.0
-2.6666666666666665
-2.6666666666666665
-2.6666666666666665
-2.6666666666666665
-1.0
-1.0
-1.0
-1.0
-1.0
-1.0
-1.0
-1.0
-1.0
-1.0
-1.0
-1.0
-1.0
-2.6666666666666665
-2.6666666666666665
-2.6666666666666665
-2.6666666666666665
-2.6666666666666665
-2.6666666666666665
-2.6666666666666665
-1.0
-1.0
-1.0
-1.0
-1.0
-1.0
-1.0
-1.0
-1.0
-1.0
-1.0
-2.6666666666666665
-2.6666666666666665
-2.6666666666666665
-2.6666666666666665
-2.6666666666666665
-2.6666666666666665
-2.6666666666666665
-2.6666666666666665
-2.6666666666666665
-2.6666666666666665
-2.6666666666666665
-1.0
-1.0
-1.0
-1.0
-1.0
-1.0
-1.0
-1.0
-1.0
-1.0
-1.0
-1.0
-1.0
-1.0
-1.0
-1.0
-1.0
-1.0
-1.0
-2.6666666666666665
-2.6666666666666665
0.0
0.0
0.0
0.0
0.0
0.0
0.0
0.0
0.0
0.0
0.0
0.0
0.0
0.0
0.0
0.0
0.0
0.0
0.0
0.0
0.0
0.0
0.0
0.0
0.0
0.0
0.0
0.0
0.0
0.0
0.0
0.0
0.0
0.0
0.0
0.0
0.0
0.0
0.0
0.0
0.0
0.0
0.0
0.0
0.0
0.0
0.0
0.0
0.0
0.0
0.0
0.0
0.0
0.0
0.0
0.0
0.0
0.0
0.0
0.0
0.0
0.0
0.0
0.0
0.0
0.0
0.0
0.0
0.0
0.0
0.0
0.0
0.0
0.0
0.0
0.0
0.0
0.0
0.0
0.0
0.0
0.0
0.0
0.0
0.0
0.0
0.0
0.0
0.0
0.0
0.0
0.0
0.0
0.0
0.0
0.0
0.0
0.0
0.0
0.0
-1.0
-1.0
-1.0
-2.6666666666666665
-2.6666666666666665
-2.6666666666666665
-2.6666666666666665
-2.6666666666666665
-2.6666666666666665
-2.6666666666666665
-2.6666666666666665
-1.0
-1.0
-1.0
-1.0
-2.6666666666666665
-2.6666666666666665
-1.0
-1.0
-1.0
-1.0
-1.0
-1.0
-1.0
-1.0
-1.0
-2.6666666666666665
-2.6666666666666665
-1.0
-1.0
-1.0
-1.0
-1.0
-1.0
-1.0
-1.0
-1.0
-1.0
-1.0
-1.0
-1.0
-1.0
-1.0
-1.0
-1.0
-1.0
-1.0
-1.0
-1.0
-1.0
-1.0
-1.0
-1.0
-1.0
-1.0
-1.0
-1.0
-1.0
-1.0
-1.0
-1.0
-1.0
-1.0
-1.0
-1.0
-1.0
-1.0
-1.0
-2.6666666666666665
-2.6666666666666665
-2.6666666666666665
-2.6666666666666665
-2.6666666666666665
-2.6666666666666665
-2.6666666666666665
-2.6666666666666665
-2.6666666666666665
-2.6666666666666665
-1.0
-1.0
-2.6666666666666665
-2.6666666666666665
-2.6666666666666665
-1.0
-1.0
-1.0
-1.0
-1.0
-1.0
-1.0
-1.0
-1.0
-1.0
-1.0
-1.0
-1.0
-1.0
-1.0
-1.0
-2.6666666666666665
-1.0
-1.0
4.0
4.0
4.0
-1.0
-1.0
-1.0
-1.0
-1.0
-1.0
-1.0
-1.0
-1.0
-1.0
-1.0
-1.0
-1.0
-1.0
-1.0
-1.0
4.0
4.0
4.0
4.0
4.0
4.0
4.0
4.0
4.0
4.0
4.0
4.0
4.0
-1.0
-1.0
-1.0
-1.0
-1.0
-1.0
-1.0
-1.0
-1.0
-1.0
-1.0
-1.0
-1.0
-1.0
-1.0
-1.0
-1.0
-1.0
-1.0
4.0
4.0
4.0
4.0
4.0
-1.0
-1.0
-1.0
-1.0
-1.0
-1.0
-1.0
-1.0
-1.0
-1.0
-1.0
-1.0
-1.0
-1.0
-1.0
-1.0
-1.0
-1.0
4.0
4.0
4.0
4.0
-1.0
-1.0
-1.0
-1.0
-1.0
-1.0
-1.0
-1.0
-1.0
-1.0
-1.0
-1.0
-1.0
-1.0
-1.0
-1.0
-1.0
4.0
-1.0
-1.0
-1.0
-1.0
-1.0
-1.0
-1.0
-1.0
-1.0
-1.0
-1.0
-1.0
-1.0
-1.0
-1.0
-1.0
-1.0
-1.0
-1.0
-1.0
-1.0
-1.0
-1.0
-1.0
-1.0
-1.0
-1.0
-1.0
-1.0
-1.0
-1.0
-1.0
-1.0
-1.0
-1.0
-1.0
-1.0
-1.0
-1.0
-1.0
-1.0
-1.0
-1.0
-1.0
-1.0
-1.0
-1.0
-1.0
-1.0
4.0
4.0
4.0
4.0
4.0
4.0
4.0
4.0
4.0
4.0
4.0
4.0
4.0
4.0
4.0
-1.0
-1.0
-1.0
-1.0
-1.0
-1.0
-1.0
-1.0
-1.0
-1.0
-1.0
-1.0
4.0
-1.0
-1.0
-1.0
-1.0
-1.0
-1.0
4.0
4.0
4.0
4.0
4.0
4.0
4.0
4.0
4.0
4.0
4.0
4.0
4.0
4.0
4.0
4.0
4.0
-1.0
-1.0
-2.6666666666666665
-2.6666666666666665
-2.6666666666666665
-2.6666666666666665
-1.0
-1.0
-1.0
-1.0
-1.0
-1.0
-1.0
-1.0
-1.0
-1.0
-1.0
-1.0
-1.0
-1.0
-2.6666666666666665
-2.6666666666666665
-2.6666666666666665
-2.6666666666666665
-2.6666666666666665
-2.6666666666666665
-2.6666666666666665
-2.6666666666666665
-2.6666666666666665
-2.6666666666666665
-2.6666666666666665
-2.6666666666666665
-2.6666666666666665
-2.6666666666666665
-2.6666666666666665
-2.6666666666666665
-2.6666666666666665
-1.0
-1.0
-1.0
-1.0
-1.0
-1.0
-1.0
-2.6666666666666665
-2.6666666666666665
-2.6666666666666665
-2.6666666666666665
-2.6666666666666665
-2.6666666666666665
-2.6666666666666665
-2.6666666666666665
-2.6666666666666665
-1.0
-1.0
-1.0
-1.0
-1.0
-1.0
-1.0
-1.0
-2.6666666666666665
-2.6666666666666665
-2.6666666666666665
-2.6666666666666665
-2.6666666666666665
-2.6666666666666665
-2.6666666666666665
-2.6666666666666665
-2.6666666666666665
-2.6666666666666665
-2.6666666666666665
-2.6666666666666665
-2.6666666666666665
-2.6666666666666665
-1.0
-1.0
-1.0
-1.0
-1.0
-1.0
-1.0
-1.0
-1.0
-1.0
-1.0
-1.0
-1.0
-1.0
-2.6666666666666665
-1.0
-1.0
-1.0
-1.0
-1.0
-2.6666666666666665
-2.6666666666666665
-2.6666666666666665
-2.6666666666666665
-2.6666666666666665
-2.6666666666666665
-2.6666666666666665
0.0
0.0
0.0
0.0
0.0
0.0
0.0
0.0
0.0
0.0
0.0
0.0
0.0
0.0
0.0
0.0
0.0
0.0
0.0
0.0
0.0
0.0
0.0
0.0
0.0
0.0
0.0
0.0
0.0
0.0
0.0
0.0
0.0
0.0
0.0
0.0
0.0
0.0
0.0
0.0
0.0
0.0
0.0
0.0
0.0
0.0
0.0
0.0
0.0
0.0
0.0
0.0
0.0
0.0
0.0
0.0
0.0
0.0
0.0
0.0
0.0
0.0
0.0
0.0
0.0
0.0
0.0
0.0
0.0
0.0
0.0
0.0
0.0
0.0
0.0
0.0
0.0
0.0
0.0
0.0
0.0
0.0
0.0
0.0
0.0
0.0
0.0
0.0
0.0
0.0
0.0
0.0
0.0
0.0
0.0
0.0
0.0
0.0
0.0
0.0
0.0
0.0
0.0
0.0
0.0
0.0
0.0
0.0
0.0
0.0
0.0
0.0
0.0
0.0
0.0
0.0
0.0
0.0
0.0
0.0
0.0
0.0
0.0
0.0
0.0
0.0
0.0
0.0
0.0
0.0
0.0
0.0
0.0
0.0
0.0
0.0
0.0
0.0
0.0
0.0
0.0
0.0
0.0
0.0
0.0
0.0
0.0
0.0
0.0
0.0
0.0
0.0
0.0
0.0
0.0
0.0
0.0
0.0
0.0
0.0
0.0
0.0
0.0
0.0
0.0
0.0
0.0
0.0
0.0
0.0
0.0
0.0
0.0
0.0
0.0
0.0
0.0
0.0
0.0
0.0
0.0
0.0
0.0
0.0
0.0
0.0
0.0
0.0
0.0
0.0
0.0
0.0
0.0
0.0
0.0
0.0
0.0
0.0
0.0
0.0
-2.6666666666666665
-2.6666666666666665
-2.6666666666666665
-2.6666666666666665
-1.0
-1.0
-1.0
-1.0
-1.0
-1.0
-1.0
-2.6666666666666665
-2.6666666666666665
-2.6666666666666665
-2.6666666666666665
-2.6666666666666665
-2.6666666666666665
-2.6666666666666665
-2.6666666666666665
-2.6666666666666665
-2.6666666666666665
-2.6666666666666665
-2.6666666666666665
-2.6666666666666665
-2.6666666666666665
-2.6666666666666665
-2.6666666666666665
-1.0
-1.0
-1.0
-2.6666666666666665
-1.0
-1.0
-1.0
-2.6666666666666665
-2.6666666666666665
-1.0
-1.0
-1.0
-1.0
-1.0
-1.0
-1.0
-1.0
-2.6666666666666665
-2.6666666666666665
-2.6666666666666665
-2.6666666666666665
-2.6666666666666665
-2.6666666666666665
-1.0
-1.0
-1.0
-2.6666666666666665
-2.6666666666666665
-2.6666666666666665
-2.6666666666666665
-2.6666666666666665
-1.0
-1.0
-1.0
-1.0
-1.0
-1.0
-1.0
-1.0
-1.0
-1.0
-1.0
-1.0
-1.0
-1.0
-2.6666666666666665
-2.6666666666666665
-2.6666666666666665
-2.6666666666666665
-1.0
-1.0
-1.0
-1.0
-1.0
-1.0
-1.0
-1.0
-1.0
-1.0
-1.0
-2.6666666666666665
-2.6666666666666665
-2.6666666666666665
-2.6666666666666665
-2.6666666666666665
-1.0
-1.0
-1.0
-1.0
-1.0
-1.0
-1.0
-1.0
0.0
0.0
0.0
0.0
0.0
0.0
0.0
0.0
0.0
0.0
0.0
0.0
0.0
0.0
0.0
0.0
0.0
0.0
0.0
0.0
0.0
0.0
0.0
0.0
0.0
0.0
0.0
0.0
0.0
0.0
0.0
0.0
0.0
0.0
0.0
0.0
0.0
0.0
0.0
0.0
0.0
0.0
0.0
0.0
0.0
0.0
0.0
0.0
0.0
0.0
0.0
0.0
0.0
0.0
0.0
0.0
0.0
0.0
0.0
0.0
0.0
0.0
0.0
0.0
0.0
0.0
0.0
0.0
0.0
0.0
0.0
0.0
0.0
0.0
0.0
0.0
0.0
0.0
0.0
0.0
0.0
0.0
0.0
0.0
0.0
0.0
0.0
0.0
0.0
0.0
0.0
0.0
0.0
0.0
0.0
0.0
0.0
0.0
0.0
0.0
0.0
0.0
0.0
0.0
0.0
0.0
0.0
0.0
0.0
0.0
0.0
0.0
0.0
0.0
0.0
0.0
0.0
0.0
0.0
0.0
0.0
0.0
0.0
0.0
0.0
0.0
0.0
0.0
0.0
0.0
0.0
0.0
0.0
0.0
0.0
0.0
0.0
0.0
0.0
0.0
0.0
0.0
0.0
0.0
0.0
0.0
0.0
0.0
0.0
0.0
0.0
0.0
0.0
0.0
0.0
0.0
0.0
0.0
0.0
0.0
0.0
0.0
0.0
0.0
0.0
0.0
0.0
0.0
0.0
0.0
0.0
0.0
0.0
0.0
0.0
0.0
0.0
0.0
0.0
0.0
0.0
0.0
0.0
0.0
0.0
0.0
0.0
0.0
0.0
0.0
0.0
0.0
0.0
0.0
0.0
0.0
0.0
0.0
0.0
0.0
-2.6666666666666665
-1.0
-1.0
-1.0
-1.0
-1.0
-1.0
-1.0
-1.0
-1.0
-1.0
-1.0
-1.0
-1.0
-2.6666666666666665
-2.6666666666666665
-2.6666666666666665
-2.6666666666666665
-2.6666666666666665
-2.6666666666666665
-2.6666666666666665
-2.6666666666666665
-2.6666666666666665
-2.6666666666666665
-2.6666666666666665
-2.6666666666666665
-2.6666666666666665
-2.6666666666666665
-2.6666666666666665
-2.6666666666666665
-2.6666666666666665
-2.6666666666666665
-2.6666666666666665
-2.6666666666666665
-2.6666666666666665
-2.6666666666666665
-2.6666666666666665
-2.6666666666666665
-2.6666666666666665
-2.6666666666666665
-2.6666666666666665
-2.6666666666666665
-2.6666666666666665
-2.6666666666666665
-2.6666666666666665
-2.6666666666666665
-2.6666666666666665
-2.6666666666666665
-2.6666666666666665
-2.6666666666666665
-2.6666666666666665
-2.6666666666666665
-2.6666666666666665
-2.6666666666666665
-2.6666666666666665
-1.0
-1.0
-2.6666666666666665
-2.6666666666666665
-2.6666666666666665
-2.6666666666666665
-2.6666666666666665
-2.6666666666666665
-1.0
-1.0
-1.0
-1.0
-2.6666666666666665
-2.6666666666666665
-2.6666666666666665
-2.6666666666666665
-2.6666666666666665
-2.6666666666666665
-2.6666666666666665
-2.6666666666666665
-2.6666666666666665
-2.6666666666666665
-2.6666666666666665
-2.6666666666666665
-2.6666666666666665
-2.6666666666666665
-2.6666666666666665
-1.0
-1.0
-1.0
-1.0
-1.0
-1.0
-1.0
-1.0
-1.0
-1.0
-1.0
-1.0
-1.0
-1.0
-1.0
-2.6666666666666665
-2.6666666666666665
-2.6666666666666665
-2.6666666666666665
-2.6666666666666665
-2.6666666666666665
-2.6666666666666665
-2.6666666666666665
-2.6666666666666665
-2.6666666666666665
-2.6666666666666665
-1.0
-1.0
-1.0
-1.0
-1.0
-2.6666666666666665
-2.6666666666666665
-2.6666666666666665
-2.6666666666666665
-2.6666666666666665
-2.6666666666666665
-2.6666666666666665
-2.6666666666666665
-2.6666666666666665
-2.6666666666666665
-2.6666666666666665
-2.6666666666666665
-2.6666666666666665
-2.6666666666666665
-2.6666666666666665
-2.6666666666666665
-2.6666666666666665
-1.0
-1.0
-1.0
-1.0
-1.0
-1.0
-1.0
-1.0
-1.0
-1.0
-2.6666666666666665
-2.6666666666666665
-2.6666666666666665
-2.6666666666666665
-2.6666666666666665
-2.6666666666666665
-2.6666666666666665
-2.6666666666666665
-2.6666666666666665
-2.6666666666666665
-1.0
-1.0
-1.0
-1.0
-1.0
-1.0
-1.0
-1.0
-2.6666666666666665
-2.6666666666666665
-2.6666666666666665
-1.0
-1.0
-1.0
-1.0
-1.0
-1.0
-1.0
-1.0
-1.0
-1.0
-2.6666666666666665
-1.0
-1.0
-1.0
-1.0
-1.0
-1.0
-1.0
-1.0
-1.0
-1.0
-1.0
-1.0
-1.0
-1.0
-1.0
-1.0
-1.0
-1.0
-1.0
-1.0
-1.0
-1.0
-1.0
-1.0
-1.0
-1.0
-1.0
-1.0
0.0
0.0
0.0
0.0
0.0
0.0
0.0
0.0
0.0
0.0
0.0
0.0
0.0
0.0
0.0
0.0
0.0
0.0
0.0
0.0
0.0
0.0
0.0
0.0
0.0
0.0
0.0
0.0
0.0
0.0
0.0
0.0
0.0
0.0
0.0
0.0
0.0
0.0
0.0
0.0
0.0
0.0
0.0
0.0
0.0
0.0
0.0
0.0
0.0
0.0
0.0
0.0
0.0
0.0
0.0
0.0
0.0
0.0
0.0
0.0
0.0
0.0
0.0
0.0
0.0
0.0
0.0
0.0
0.0
0.0
0.0
0.0
0.0
0.0
0.0
0.0
0.0
0.0
0.0
0.0
0.0
0.0
0.0
0.0
0.0
0.0
0.0
0.0
0.0
0.0
0.0
0.0
0.0
0.0
0.0
0.0
0.0
0.0
0.0
0.0
4.0
4.0
4.0
4.0
4.0
4.0
4.0
4.0
4.0
4.0
-1.0
-1.0
-1.0
-1.0
-1.0
-1.0
-1.0
-1.0
-1.0
-1.0
-1.0
-1.0
-1.0
-1.0
-1.0
-1.0
-1.0
-1.0
-1.0
4.0
4.0
4.0
4.0
4.0
4.0
4.0
4.0
4.0
4.0
-1.0
-1.0
-1.0
-1.0
-1.0
-1.0
-1.0
-1.0
-1.0
-1.0
-1.0
-1.0
4.0
4.0
4.0
4.0
4.0
4.0
4.0
4.0
4.0
4.0
4.0
4.0
4.0
4.0
4.0
4.0
4.0
4.0
4.0
4.0
4.0
4.0
4.0
4.0
4.0
4.0
4.0
4.0
4.0
4.0
4.0
4.0
4.0
4.0
4.0
4.0
4.0
-1.0
-1.0
-1.0
-1.0
-1.0
-1.0
-1.0
-1.0
-1.0
-1.0
-1.0
