0.1499999999999999
-0.1466666666666665
0.06333333333333302
-0.10000000000000009
0.21333333333333337
-0.20333333333333314
-0.07000000000000028
-0.1033333333333335
0.16333333333333355
0.1166666666666667
0.4700000000000002
0.20666666666666655
0.27333333333333343
-0.020000000000000018
0.29666666666666686
0.25
0.3766666666666669
0.1499999999999999
0.2466666666666666
0.1766666666666663
0.033333333333333215
0.30000000000000027
0.029999999999999805
0.30000000000000027
0.13666666666666671
0.27
-0.09666666666666623
-0.06666666666666643
-0.009999999999999787
-0.16333333333333355
0.15333333333333377
-0.01666666666666705
-0.05333333333333323
-0.033333333333333215
0.3233333333333337
0.10999999999999988
0.17999999999999972
0.2799999999999998
0.30000000000000027
0.03999999999999959
0.08333333333333348
0.05666666666666664
0.009999999999999787
0.046666666666666856
0.009999999999999787
-0.2366666666666668
-0.06666666666666643
-0.24333333333333362
-0.06333333333333302
-0.15666666666666673
-0.20666666666666655
0.16999999999999993
-0.029999999999999805
0.0
-0.020000000000000018
-0.09666666666666623
0.009999999999999787
-0.1466666666666665
-0.16333333333333355
-0.17333333333333334
-0.07666666666666666
-0.17333333333333334
-0.033333333333333215
-0.1333333333333333
-0.20333333333333314
-0.020000000000000018
-0.16666666666666652
-0.30000000000000027
-0.22666666666666657
-0.21333333333333337
-0.2566666666666664
-0.27666666666666684
-0.2633333333333332
-0.33999999999999986
-0.29333333333333345
-0.33666666666666645
-0.33666666666666645
-0.313333333333333
-0.3999999999999999
-0.3666666666666667
-0.30333333333333323
-0.3666666666666667
-0.06333333333333302
-0.09666666666666623
-0.06666666666666643
-0.11333333333333329
-0.07666666666666666
-0.3599999999999999
-0.3900000000000001
-0.3766666666666665
-0.3700000000000001
-0.3766666666666665
-0.3633333333333333
-0.25
-0.27666666666666684
-0.6733333333333333
-0.6499999999999999
-0.6800000000000002
-0.6499999999999999
-0.6666666666666665
-0.5266666666666668
0.3866666666666667
0.3966666666666665
0.5066666666666664
0.4166666666666665
0.436666666666667
0.7899999999999996
0.5833333333333335
0.31000000000000005
0.5733333333333337
0.5566666666666666
0.2899999999999996
0.27333333333333343
0.48
0.45333333333333314
0.44333333333333336
0.42333333333333334
0.5500000000000003
0.4666666666666668
0.2833333333333332
0.3566666666666669
0.2833333333333332
0.19666666666666677
0.22333333333333316
0.30333333333333323
0.03999999999999959
0.19999999999999973
0.16999999999999993
0.27666666666666684
0.14000000000000012
0.023333333333333428
-0.013333333333333197
0.16333333333333355
0.08666666666666645
0.06333333333333302
0.13000000000000034
0.13666666666666671
0.05666666666666664
-0.009999999999999787
-0.02666666666666684
-0.03999999999999959
0.08333333333333348
0.0066666666666663765
0.06666666666666643
-0.013333333333333197
-0.0066666666666663765
0.08000000000000007
-0.0066666666666663765
0.009999999999999787
-0.05333333333333323
0.09666666666666623
0.0733333333333337
-0.0066666666666663765
0.013333333333333197
-0.050000000000000266
-0.10999999999999988
-0.06333333333333302
-0.02666666666666684
0.0
-0.11999999999999966
-0.08666666666666645
-0.020000000000000018
0.0033333333333334103
0.08000000000000007
-0.01666666666666705
-0.08000000000000007
0.009999999999999787
0.020000000000000018
-0.013333333333333197
0.050000000000000266
-0.0033333333333334103
0.043333333333333446
0.033333333333333215
0.029999999999999805
0.0033333333333334103
-0.0066666666666663765
0.01666666666666705
0.0033333333333334103
0.029999999999999805
0.0033333333333334103
0.013333333333333197
0.03999999999999959
0.013333333333333197
0.06666666666666643
0.0
0.05333333333333323
0.01666666666666705
0.09333333333333327
0.05333333333333323
0.05333333333333323
-0.33000000000000007
-0.3799999999999999
-0.2899999999999996
-0.3466666666666667
-0.3500000000000001
-0.3500000000000001
-0.3599999999999999
-0.2566666666666664
-0.31000000000000005
-0.31000000000000005
-0.27666666666666684
0.6766666666666663
0.7566666666666664
0.5
0.7233333333333332
0.43999999999999995
0.4666666666666668
0.43999999999999995
0.41333333333333355
0.43999999999999995
0.43999999999999995
0.4266666666666663
0.4266666666666663
0.30666666666666664
0.56
0.5466666666666669
0.43999999999999995
0.4666666666666668
0.2400000000000002
0.2533333333333334
0.2400000000000002
0.19999999999999973
0.17333333333333334
0.11999999999999966
0.1466666666666665
0.2533333333333334
0.17333333333333334
0.11999999999999966
0.09333333333333327
0.10666666666666691
0.09333333333333327
0.08000000000000007
0.0
0.05333333333333323
0.1333333333333333
0.05333333333333323
0.11999999999999966
0.06666666666666643
0.06666666666666643
0.1333333333333333
0.1333333333333333
0.10666666666666691
0.08000000000000007
0.22666666666666657
0.09333333333333327
0.10666666666666691
0.013333333333333197
0.1333333333333333
0.05333333333333323
0.11999999999999966
0.1466666666666665
0.10666666666666691
-0.25
-0.18333333333333357
-0.08666666666666645
-0.13666666666666671
-0.19999999999999973
-0.11999999999999966
-0.050000000000000266
-0.16333333333333355
-0.043333333333333446
-0.06666666666666643
-0.3999999999999999
-0.52
-0.8500000000000001
-0.8999999999999999
-0.3900000000000001
-0.47666666666666657
-0.4700000000000002
-0.4966666666666666
-0.5
-0.47666666666666657
-0.41999999999999993
-0.4666666666666668
-0.3599999999999999
-0.31000000000000005
-0.33999999999999986
-0.41000000000000014
-0.3500000000000001
-0.32666666666666666
-0.3599999999999999
-0.33999999999999986
-0.31000000000000005
-0.27
-0.27
-0.2599999999999998
-0.2400000000000002
-0.2400000000000002
-0.2200000000000002
-0.2100000000000004
-0.2100000000000004
-0.2200000000000002
-0.25
-0.25
-0.2200000000000002
-0.2200000000000002
-0.2200000000000002
-0.2100000000000004
-0.25
-0.2599999999999998
-0.94
-2.44
-2.3866666666666667
-2.2266666666666666
-2.19
-1.9433333333333334
-1.8633333333333333
-1.74
-1.5899999999999999
-1.5966666666666667
-1.4833333333333334
-1.42
-0.3200000000000003
-0.30333333333333323
-0.2599999999999998
-0.25
-0.20666666666666655
-0.18999999999999995
-0.21666666666666679
-0.21666666666666679
-0.18999999999999995
-0.16333333333333355
-0.15333333333333377
-0.11999999999999966
-0.15333333333333377
-0.10999999999999988
-0.08999999999999986
-0.05333333333333323
-0.036666666666666625
-0.036666666666666625
-0.036666666666666625
-0.036666666666666625
-0.009999999999999787
0.0
0.0
0.0
0.0
0.0
0.0
-1.0566666666666666
-0.9733333333333332
-0.8700000000000001
-0.75
-0.7766666666666668
-0.69
-0.6433333333333331
-0.603333333333333
-0.39666666666666694
-0.3933333333333331
-0.3733333333333335
-0.3466666666666667
-0.44333333333333336
-0.32666666666666666
-1.4000000000000001
-1.3833333333333335
-1.3
-1.2833333333333332
-1.2166666666666668
-1.2166666666666668
-1.1666666666666667
-1.1500000000000001
-1.1333333333333335
-1.1333333333333335
-1.1166666666666665
-1.1166666666666665
-1.0999999999999999
-1.0666666666666667
-1.05
-1.0333333333333332
-1.0333333333333332
-1.0333333333333332
-1.0333333333333332
-1.0333333333333332
-1.0333333333333332
-1.0166666666666666
-1.0166666666666666
-1.0166666666666666
-1.0166666666666666
-0.44999999999999973
0.0
0.0
0.0
-0.5366666666666666
-0.5266666666666668
0.0
0.0
0.0
0.0
0.0
0.0
0.0
-0.47666666666666657
-0.41000000000000014
-0.43999999999999995
-0.3900000000000001
-0.3700000000000001
-0.3700000000000001
-0.33000000000000007
-0.2899999999999996
-0.25
-0.25
-0.6933333333333334
-0.6666666666666665
-0.6133333333333333
-0.5066666666666664
-0.4533333333333336
-0.3200000000000003
-0.3466666666666667
-0.3466666666666667
-0.3200000000000003
-0.3200000000000003
-0.3200000000000003
-0.29333333333333345
-0.29333333333333345
-0.21333333333333337
-0.18666666666666698
-0.1333333333333333
-0.1333333333333333
-0.08000000000000007
-0.05333333333333323
-2.6666666666666665
-2.6666666666666665
-2.6666666666666665
-0.05333333333333323
-0.05333333333333323
-0.05333333333333323
-0.05333333333333323
-0.05333333333333323
-0.05333333333333323
-0.02666666666666684
0.0
0.0
0.0
-2.6666666666666665
-2.6666666666666665
-2.6666666666666665
-2.6666666666666665
-2.6666666666666665
-2.6666666666666665
-2.6666666666666665
-2.6666666666666665
0.0
0.0
0.0
0.0
0.0
0.0
0.0
-2.6666666666666665
-2.6666666666666665
-2.6666666666666665
-2.6666666666666665
-2.6666666666666665
-2.6666666666666665
-2.6666666666666665
-2.6666666666666665
-2.6666666666666665
-2.6666666666666665
-2.6666666666666665
-2.6666666666666665
-2.6666666666666665
-2.6666666666666665
-2.6666666666666665
-2.6666666666666665
-2.6666666666666665
0.0
0.0
0.0
0.0
0.0
0.0
0.0
0.0
-2.6666666666666665
-2.6666666666666665
-2.6666666666666665
-2.6666666666666665
-2.6666666666666665
-2.6666666666666665
0.0
0.0
0.0
-2.6666666666666665
-2.6666666666666665
-2.6666666666666665
-2.6666666666666665
-2.6666666666666665
-2.6666666666666665
-2.6666666666666665
-2.6666666666666665
-2.6666666666666665
-2.6666666666666665
-2.6666666666666665
-2.6666666666666665
-2.6666666666666665
-2.6666666666666665
-2.6666666666666665
-2.6666666666666665
-2.6666666666666665
-2.6666666666666665
-2.6666666666666665
-1.0
-1.0
-1.0
-1.0
0.0
0.0
0.0
0.0
0.0
0.0
-1.0
-1.0
-1.0
-1.0
-1.0
-1.0
-1.0
-1.0
-1.0
-1.0
-1.0
-1.0
-1.0
-1.0
-1.0
-1.0
-1.0
-1.0
-1.0
-1.0
0.0
0.0
0.0
0.0
0.0
0.0
0.0
0.0
0.0
0.0
0.0
0.0
0.0
0.0
0.0
0.0
0.0
-1.0
-1.0
-1.0
-1.0
0.0
0.0
0.0
0.0
0.0
0.0
-1.0
-1.0
-1.0
-1.0
-1.0
-1.0
-1.0
-1.0
-1.0
-1.0
0.0
0.0
-1.0
-1.0
-1.0
-1.0
-1.0
-1.0
-1.0
-1.0
-1.0
-1.0
-1.0
-1.0
-1.0
0.0
0.0
0.0
0.0
-1.0
0.0
0.0
0.0
0.0
0.0
0.0
0.0
0.0
0.0
0.0
0.0
-1.0
-1.0
-1.0
-1.0
-1.0
-1.0
-1.0
-1.0
-1.0
-1.0
-1.0
-1.0
-1.0
-1.0
-1.0
-1.0
-1.0
-1.0
-1.0
-1.0
-1.0
-1.0
0.0
0.0
0.0
0.0
0.0
-1.0
-1.0
-1.0
-1.0
-1.0
0.0
0.0
0.0
0.0
0.0
0.0
0.0
0.0
0.0
0.0
0.0
0.0
0.0
0.0
-1.0
0.0
0.0
-1.0
-1.0
-1.0
-1.0
-1.0
-1.0
-1.0
-1.0
-1.0
-1.0
-1.0
-1.0
-1.0
-1.0
-1.0
-1.0
-1.0
-1.0
-1.0
-1.0
-1.0
-1.0
-1.0
-1.0
-1.0
-1.0
-1.0
-1.0
-1.0
-1.0
-1.0
0.0
0.0
0.0
0.0
0.0
0.0
0.0
0.0
0.0
0.0
0.0
0.0
0.0
-1.0
0.0
0.0
0.0
0.0
0.0
0.0
0.0
0.0
-2.6666666666666665
-2.6666666666666665
-2.6666666666666665
-2.6666666666666665
-2.6666666666666665
-2.6666666666666665
-2.6666666666666665
-2.6666666666666665
-2.6666666666666665
-2.6666666666666665
-2.6666666666666665
-2.6666666666666665
-2.6666666666666665
-2.6666666666666665
0.0
0.0
0.0
0.0
0.0
0.0
0.0
0.0
0.0
-2.6666666666666665
-2.6666666666666665
-2.6666666666666665
-2.6666666666666665
-2.6666666666666665
-2.6666666666666665
0.0
-2.6666666666666665
-2.6666666666666665
-2.6666666666666665
-2.6666666666666665
-2.6666666666666665
-2.6666666666666665
-2.6666666666666665
-2.6666666666666665
-2.6666666666666665
-2.6666666666666665
-2.6666666666666665
-2.6666666666666665
-2.6666666666666665
-2.6666666666666665
0.0
0.0
0.0
0.0
0.0
0.0
0.0
0.0
0.0
0.0
0.0
0.0
0.0
0.0
0.0
0.0
0.0
0.0
0.0
0.0
0.0
0.0
0.0
0.0
0.0
0.0
0.0
0.0
0.0
0.0
0.0
0.0
0.0
0.0
0.0
0.0
0.0
0.0
-2.6666666666666665
-2.6666666666666665
-2.6666666666666665
0.0
0.0
-2.6666666666666665
-2.6666666666666665
-2.6666666666666665
-2.6666666666666665
-2.6666666666666665
-2.6666666666666665
0.0
0.0
0.0
0.0
0.0
0.0
0.0
0.0
0.0
0.0
0.0
0.0
0.0
0.0
0.0
0.0
0.0
0.0
0.0
0.0
-2.6666666666666665
-2.6666666666666665
-2.6666666666666665
-2.6666666666666665
0.0
0.0
0.0
0.0
0.0
0.0
0.0
0.0
0.0
0.0
0.0
0.0
-2.6666666666666665
-2.6666666666666665
-2.6666666666666665
-2.6666666666666665
-2.6666666666666665
-2.6666666666666665
-2.6666666666666665
-2.6666666666666665
-2.6666666666666665
-2.6666666666666665
-2.6666666666666665
-2.6666666666666665
-2.6666666666666665
0.0
0.0
0.0
0.0
0.0
0.0
0.0
0.0
0.0
0.0
0.0
0.0
0.0
0.0
0.0
0.0
0.0
0.0
0.0
0.0
0.0
0.0
0.0
0.0
0.0
0.0
0.0
0.0
0.0
0.0
0.0
0.0
0.0
0.0
0.0
0.0
0.0
0.0
0.0
0.0
0.0
0.0
0.0
0.0
0.0
0.0
0.0
-2.6666666666666665
-2.6666666666666665
-2.6666666666666665
-2.6666666666666665
-2.6666666666666665
-2.6666666666666665
-2.6666666666666665
-2.6666666666666665
-2.6666666666666665
-2.6666666666666665
-2.6666666666666665
0.0
0.0
-1.0
-1.0
-1.0
-1.0
-1.0
-1.0
0.0
0.0
0.0
0.0
0.0
0.0
0.0
0.0
0.0
-1.0
0.0
0.0
0.0
0.0
0.0
0.0
-1.0
-1.0
-1.0
-1.0
-1.0
-1.0
-1.0
-1.0
-1.0
-1.0
-1.0
-1.0
-1.0
-1.0
-1.0
0.0
0.0
0.0
0.0
0.0
0.0
0.0
0.0
-1.0
-1.0
-1.0
-1.0
-1.0
-1.0
-1.0
-1.0
0.0
0.0
0.0
0.0
0.0
0.0
0.0
0.0
0.0
0.0
-1.0
-1.0
-1.0
-1.0
-1.0
-1.0
-1.0
-1.0
-1.0
0.0
0.0
-1.0
0.0
0.0
0.0
0.0
-1.0
-1.0
-1.0
-1.0
-1.0
-1.0
-1.0
-1.0
-1.0
-1.0
-1.0
-1.0
-1.0
0.0
0.0
0.0
0.0
0.0
-1.0
-2.6666666666666665
-2.6666666666666665
-2.6666666666666665
-2.6666666666666665
-2.6666666666666665
-2.6666666666666665
-2.6666666666666665
-2.6666666666666665
-2.6666666666666665
-2.6666666666666665
0.0
0.0
0.0
0.0
0.0
0.0
0.0
0.0
0.0
-2.6666666666666665
-2.6666666666666665
-2.6666666666666665
-2.6666666666666665
-2.6666666666666665
-2.6666666666666665
-2.6666666666666665
-2.6666666666666665
0.0
0.0
-2.6666666666666665
-2.6666666666666665
-2.6666666666666665
-2.6666666666666665
-2.6666666666666665
-2.6666666666666665
-2.6666666666666665
-2.6666666666666665
-2.6666666666666665
-2.6666666666666665
-2.6666666666666665
-2.6666666666666665
-2.6666666666666665
-2.6666666666666665
-2.6666666666666665
-2.6666666666666665
-2.6666666666666665
-2.6666666666666665
-2.6666666666666665
-2.6666666666666665
-2.6666666666666665
-2.6666666666666665
-2.6666666666666665
-2.6666666666666665
-2.6666666666666665
-2.6666666666666665
-2.6666666666666665
-2.6666666666666665
-2.6666666666666665
-2.6666666666666665
-2.6666666666666665
-2.6666666666666665
-2.6666666666666665
-2.6666666666666665
-2.6666666666666665
-2.6666666666666665
-2.6666666666666665
-2.6666666666666665
-2.6666666666666665
-2.6666666666666665
0.0
-2.6666666666666665
0.0
0.0
0.0
0.0
0.0
0.0
0.0
0.0
0.0
0.0
-2.6666666666666665
-2.6666666666666665
-2.6666666666666665
-2.6666666666666665
-2.6666666666666665
0.0
0.0
0.0
0.0
0.0
0.0
0.0
-2.6666666666666665
-2.6666666666666665
-2.6666666666666665
-2.6666666666666665
-2.6666666666666665
-2.6666666666666665
-2.6666666666666665
0.0
0.0
0.0
0.0
0.0
0.0
0.0
0.0
0.0
0.0
0.0
0.0
0.0
0.0
0.0
0.0
0.0
-2.6666666666666665
-2.6666666666666665
-2.6666666666666665
-2.6666666666666665
-2.6666666666666665
-2.6666666666666665
-2.6666666666666665
-2.6666666666666665
-2.6666666666666665
-2.6666666666666665
-2.6666666666666665
-2.6666666666666665
-2.6666666666666665
-2.6666666666666665
-2.6666666666666665
-2.6666666666666665
-2.6666666666666665
-2.6666666666666665
0.0
0.0
-2.6666666666666665
-2.6666666666666665
-2.6666666666666665
-2.6666666666666665
-2.6666666666666665
-2.6666666666666665
-2.6666666666666665
-2.6666666666666665
-2.6666666666666665
-2.6666666666666665
-2.6666666666666665
-2.6666666666666665
0.0
0.0
0.0
0.0
-2.6666666666666665
-2.6666666666666665
-2.6666666666666665
-2.6666666666666665
0.0
0.0
0.0
0.0
0.0
0.0
0.0
0.0
0.0
0.0
0.0
0.0
0.0
0.0
0.0
0.0
0.0
0.0
0.0
0.0
0.0
0.0
0.0
0.0
0.0
0.0
0.0
0.0
0.0
0.0
0.0
0.0
0.0
0.0
0.0
0.0
0.0
0.0
0.0
0.0
0.0
0.0
0.0
0.0
0.0
0.0
0.0
0.0
0.0
0.0
0.0
0.0
0.0
0.0
0.0
0.0
0.0
-1.0
-1.0
-1.0
-1.0
-1.0
-1.0
-1.0
-1.0
-1.0
-1.0
0.0
0.0
0.0
0.0
0.0
0.0
0.0
0.0
0.0
0.0
0.0
0.0
0.0
0.0
0.0
0.0
0.0
0.0
0.0
-1.0
-1.0
-1.0
-1.0
-1.0
-1.0
-1.0
-1.0
-1.0
-1.0
-1.0
-1.0
-1.0
0.0
0.0
0.0
0.0
0.0
0.0
-1.0
-1.0
-1.0
0.0
0.0
0.0
0.0
0.0
-1.0
-1.0
-1.0
-1.0
-1.0
-1.0
-1.0
-1.0
-1.0
0.0
0.0
0.0
-1.0
-1.0
-1.0
-1.0
-1.0
-1.0
-1.0
-1.0
-1.0
-1.0
-1.0
-1.0
-1.0
-1.0
-1.0
-1.0
-1.0
-1.0
-2.6666666666666665
0.0
0.0
0.0
0.0
0.0
-2.6666666666666665
-2.6666666666666665
-2.6666666666666665
0.0
0.0
0.0
0.0
0.0
0.0
0.0
-2.6666666666666665
0.0
0.0
0.0
0.0
0.0
0.0
0.0
0.0
-2.6666666666666665
-2.6666666666666665
-2.6666666666666665
-2.6666666666666665
-2.6666666666666665
-2.6666666666666665
-2.6666666666666665
-2.6666666666666665
-2.6666666666666665
-2.6666666666666665
-2.6666666666666665
-2.6666666666666665
0.0
0.0
0.0
0.0
0.0
0.0
0.0
0.0
0.0
0.0
0.0
0.0
0.0
0.0
0.0
0.0
0.0
0.0
0.0
0.0
0.0
0.0
0.0
0.0
0.0
0.0
0.0
0.0
0.0
0.0
0.0
0.0
0.0
0.0
0.0
0.0
0.0
0.0
0.0
0.0
0.0
0.0
0.0
0.0
-2.6666666666666665
-2.6666666666666665
-2.6666666666666665
-2.6666666666666665
-2.6666666666666665
-2.6666666666666665
-2.6666666666666665
-2.6666666666666665
-2.6666666666666665
-2.6666666666666665
-2.6666666666666665
0.0
0.0
0.0
0.0
0.0
0.0
0.0
0.0
0.0
0.0
0.0
0.0
0.0
0.0
0.0
0.0
0.0
0.0
0.0
0.0
0.0
0.0
0.0
0.0
0.0
0.0
0.0
0.0
0.0
0.0
0.0
0.0
0.0
0.0
0.0
0.0
0.0
0.0
0.0
0.0
0.0
-1.0
-1.0
-1.0
-1.0
-1.0
-1.0
-1.0
-1.0
0.0
0.0
0.0
0.0
-1.0
-1.0
-1.0
-1.0
-1.0
-1.0
-1.0
-1.0
-1.0
-1.0
-1.0
-1.0
-1.0
0.0
0.0
0.0
0.0
0.0
-1.0
-1.0
-1.0
-1.0
-1.0
0.0
0.0
0.0
0.0
0.0
0.0
0.0
0.0
-1.0
-1.0
-1.0
-1.0
-1.0
-1.0
-1.0
-1.0
-1.0
0.0
0.0
-1.0
-1.0
0.0
0.0
-1.0
-1.0
-1.0
-1.0
0.0
0.0
0.0
0.0
0.0
0.0
0.0
0.0
0.0
0.0
0.0
0.0
0.0
0.0
0.0
0.0
0.0
0.0
0.0
0.0
0.0
0.0
0.0
0.0
0.0
0.0
-1.0
-1.0
-1.0
-1.0
-1.0
-1.0
-1.0
-1.0
-1.0
0.0
0.0
0.0
0.0
0.0
0.0
-1.0
-1.0
-1.0
-1.0
-1.0
-1.0
-1.0
-1.0
-1.0
-1.0
0.0
0.0
-1.0
-1.0
-1.0
-1.0
-1.0
-1.0
-1.0
0.0
0.0
0.0
0.0
0.0
0.0
0.0
0.0
0.0
0.0
0.0
0.0
0.0
-1.0
-1.0
-1.0
-1.0
0.0
0.0
0.0
0.0
0.0
0.0
0.0
-1.0
-1.0
-1.0
-1.0
-1.0
-1.0
-1.0
-1.0
-1.0
-1.0
0.0
-1.0
0.0
0.0
0.0
0.0
0.0
0.0
0.0
0.0
0.0
0.0
0.0
0.0
0.0
0.0
0.0
0.0
0.0
-1.0
-1.0
-1.0
-1.0
-1.0
-1.0
-1.0
-1.0
-1.0
-1.0
-1.0
-1.0
-1.0
-1.0
-1.0
-1.0
-1.0
-1.0
-1.0
0.0
0.0
0.0
0.0
0.0
0.0
0.0
0.0
0.0
0.0
0.0
0.0
0.0
0.0
0.0
0.0
-1.0
-1.0
-1.0
-1.0
-1.0
-1.0
-1.0
-1.0
-1.0
-1.0
-1.0
-1.0
-1.0
-1.0
0.0
0.0
0.0
0.0
0.0
0.0
0.0
0.0
0.0
0.0
-1.0
-1.0
-1.0
-1.0
-1.0
-1.0
-1.0
-1.0
-1.0
-1.0
0.0
0.0
0.0
0.0
0.0
0.0
-1.0
0.0
-1.0
-1.0
-1.0
-1.0
-1.0
-1.0
-1.0
-1.0
-1.0
-1.0
-1.0
0.0
0.0
0.0
-1.0
-2.6666666666666665
-2.6666666666666665
-2.6666666666666665
-2.6666666666666665
-2.6666666666666665
-2.6666666666666665
0.0
-2.6666666666666665
-2.6666666666666665
0.0
0.0
0.0
0.0
-2.6666666666666665
-2.6666666666666665
-2.6666666666666665
-2.6666666666666665
-2.6666666666666665
-2.6666666666666665
-2.6666666666666665
-2.6666666666666665
-2.6666666666666665
0.0
0.0
0.0
0.0
-2.6666666666666665
-2.6666666666666665
-2.6666666666666665
-2.6666666666666665
-2.6666666666666665
0.0
0.0
0.0
0.0
0.0
0.0
0.0
0.0
0.0
0.0
0.0
0.0
0.0
0.0
0.0
0.0
0.0
0.0
0.0
-2.6666666666666665
0.0
0.0
0.0
0.0
0.0
0.0
-2.6666666666666665
-2.6666666666666665
-2.6666666666666665
-2.6666666666666665
-2.6666666666666665
-2.6666666666666665
-2.6666666666666665
-2.6666666666666665
-2.6666666666666665
-2.6666666666666665
-2.6666666666666665
0.0
0.0
0.0
-2.6666666666666665
0.0
0.0
-2.6666666666666665
-2.6666666666666665
-2.6666666666666665
-2.6666666666666665
-2.6666666666666665
-2.6666666666666665
0.0
-2.6666666666666665
-2.6666666666666665
0.0
0.0
0.0
0.0
0.0
0.0
0.0
0.0
0.0
0.0
0.0
0.0
0.0
0.0
0.0
0.0
0.0
0.0
0.0
0.0
0.0
0.0
0.0
0.0
0.0
0.0
0.0
0.0
0.0
0.0
0.0
0.0
0.0
0.0
0.0
0.0
0.0
0.0
0.0
0.0
0.0
0.0
0.0
0.0
0.0
0.0
0.0
0.0
0.0
0.0
0.0
0.0
-2.6666666666666665
-2.6666666666666665
-2.6666666666666665
-2.6666666666666665
-2.6666666666666665
-2.6666666666666665
-2.6666666666666665
-2.6666666666666665
-2.6666666666666665
-2.6666666666666665
0.0
0.0
0.0
0.0
0.0
0.0
0.0
0.0
0.0
0.0
0.0
0.0
0.0
0.0
0.0
0.0
0.0
0.0
0.0
0.0
0.0
0.0
0.0
0.0
0.0
0.0
0.0
0.0
0.0
0.0
0.0
0.0
0.0
0.0
0.0
0.0
0.0
0.0
0.0
0.0
0.0
0.0
0.0
0.0
0.0
0.0
0.0
0.0
0.0
0.0
0.0
0.0
0.0
0.0
-2.6666666666666665
-1.0
-1.0
-1.0
-1.0
-1.0
-1.0
-1.0
-1.0
-1.0
-1.0
0.0
0.0
0.0
0.0
-1.0
-1.0
-1.0
-1.0
-1.0
0.0
-1.0
-1.0
-1.0
0.0
0.0
0.0
0.0
0.0
0.0
0.0
0.0
0.0
0.0
0.0
0.0
0.0
-1.0
-1.0
-1.0
0.0
0.0
0.0
0.0
0.0
0.0
0.0
0.0
0.0
0.0
0.0
0.0
0.0
0.0
0.0
-1.0
0.0
0.0
0.0
0.0
0.0
0.0
-1.0
-1.0
-1.0
-1.0
-1.0
-1.0
-1.0
-1.0
-1.0
-1.0
-1.0
-1.0
-1.0
-1.0
-1.0
-1.0
-1.0
-1.0
-1.0
-1.0
-1.0
-1.0
-1.0
-1.0
-1.0
-1.0
-1.0
-1.0
0.0
0.0
0.0
0.0
0.0
-1.0
-1.0
-1.0
-1.0
-1.0
-1.0
-2.6666666666666665
-2.6666666666666665
-2.6666666666666665
-2.6666666666666665
-2.6666666666666665
-2.6666666666666665
-2.6666666666666665
-2.6666666666666665
-2.6666666666666665
-2.6666666666666665
-2.6666666666666665
-2.6666666666666665
0.0
0.0
0.0
0.0
0.0
0.0
0.0
0.0
0.0
0.0
-2.6666666666666665
-2.6666666666666665
-2.6666666666666665
-2.6666666666666665
-2.6666666666666665
-2.6666666666666665
0.0
-2.6666666666666665
0.0
0.0
0.0
0.0
0.0
0.0
-2.6666666666666665
-2.6666666666666665
-2.6666666666666665
-2.6666666666666665
-2.6666666666666665
-2.6666666666666665
-2.6666666666666665
-2.6666666666666665
-2.6666666666666665
-2.6666666666666665
-2.6666666666666665
-2.6666666666666665
-2.6666666666666665
-2.6666666666666665
-2.6666666666666665
-2.6666666666666665
-2.6666666666666665
-2.6666666666666665
-2.6666666666666665
-2.6666666666666665
0.0
0.0
0.0
0.0
-2.6666666666666665
0.0
0.0
0.0
0.0
0.0
0.0
0.0
0.0
0.0
0.0
0.0
0.0
0.0
-2.6666666666666665
-2.6666666666666665
-2.6666666666666665
-2.6666666666666665
-2.6666666666666665
-2.6666666666666665
0.0
0.0
0.0
0.0
0.0
0.0
0.0
0.0
0.0
0.0
0.0
0.0
0.0
0.0
0.0
0.0
0.0
0.0
0.0
0.0
0.0
0.0
0.0
0.0
0.0
0.0
0.0
0.0
0.0
0.0
0.0
0.0
-1.0
-1.0
-1.0
-1.0
-1.0
-1.0
-1.0
-1.0
-1.0
-1.0
-1.0
-1.0
-1.0
-1.0
-1.0
-1.0
-1.0
-1.0
-1.0
-1.0
-1.0
-1.0
-1.0
0.0
0.0
0.0
0.0
0.0
0.0
0.0
0.0
0.0
0.0
0.0
0.0
0.0
0.0
0.0
-1.0
-1.0
-1.0
-1.0
-1.0
-1.0
-1.0
-1.0
-1.0
-1.0
-1.0
-1.0
0.0
0.0
-1.0
-1.0
0.0
-1.0
-1.0
-1.0
-1.0
-1.0
-1.0
-1.0
-1.0
-1.0
-1.0
-1.0
-1.0
0.0
0.0
0.0
-1.0
-1.0
-1.0
-1.0
-1.0
-1.0
-1.0
-1.0
-1.0
-1.0
-1.0
-1.0
-1.0
-1.0
0.0
0.0
0.0
-1.0
-1.0
-1.0
-1.0
-1.0
-1.0
-1.0
-1.0
-1.0
-1.0
-1.0
-1.0
-1.0
-1.0
-1.0
0.0
0.0
0.0
0.0
0.0
0.0
-1.0
-1.0
-1.0
-1.0
-1.0
-1.0
-1.0
-1.0
-1.0
-1.0
0.0
0.0
0.0
0.0
0.0
0.0
-1.0
-1.0
-1.0
-1.0
-1.0
-1.0
-1.0
-1.0
-1.0
-1.0
-1.0
0.0
0.0
0.0
-1.0
-1.0
-1.0
-1.0
-1.0
-1.0
-1.0
-1.0
-1.0
-1.0
-1.0
-1.0
-1.0
-1.0
-1.0
-1.0
-1.0
0.0
0.0
0.0
0.0
0.0
0.0
0.0
0.0
0.0
0.0
0.0
0.0
0.0
0.0
-1.0
-1.0
-1.0
-1.0
-1.0
-1.0
-1.0
0.0
0.0
0.0
-1.0
-1.0
-1.0
-1.0
-1.0
-1.0
-1.0
-1.0
0.0
0.0
0.0
0.0
0.0
0.0
0.0
0.0
0.0
0.0
-2.6666666666666665
-2.6666666666666665
-2.6666666666666665
0.0
0.0
0.0
0.0
-2.6666666666666665
-2.6666666666666665
0.0
0.0
0.0
0.0
0.0
0.0
0.0
0.0
-2.6666666666666665
-2.6666666666666665
-2.6666666666666665
-2.6666666666666665
0.0
0.0
0.0
0.0
0.0
0.0
0.0
-2.6666666666666665
-2.6666666666666665
-2.6666666666666665
-2.6666666666666665
-2.6666666666666665
-2.6666666666666665
-2.6666666666666665
-2.6666666666666665
-2.6666666666666665
-2.6666666666666665
-2.6666666666666665
0.0
0.0
0.0
-2.6666666666666665
-2.6666666666666665
-2.6666666666666665
-2.6666666666666665
0.0
0.0
0.0
0.0
0.0
0.0
0.0
0.0
0.0
0.0
0.0
0.0
-2.6666666666666665
-2.6666666666666665
-2.6666666666666665
-2.6666666666666665
-2.6666666666666665
-2.6666666666666665
-2.6666666666666665
-2.6666666666666665
0.0
0.0
0.0
0.0
0.0
-2.6666666666666665
-2.6666666666666665
-2.6666666666666665
-2.6666666666666665
-2.6666666666666665
-2.6666666666666665
-2.6666666666666665
-2.6666666666666665
-2.6666666666666665
-2.6666666666666665
-2.6666666666666665
0.0
0.0
0.0
0.0
0.0
0.0
0.0
0.0
0.0
0.0
0.0
-2.6666666666666665
-2.6666666666666665
-2.6666666666666665
-2.6666666666666665
-2.6666666666666665
-2.6666666666666665
-2.6666666666666665
-2.6666666666666665
-2.6666666666666665
-2.6666666666666665
-2.6666666666666665
-2.6666666666666665
-2.6666666666666665
-2.6666666666666665
0.0
0.0
0.0
0.0
0.0
0.0
0.0
0.0
0.0
0.0
0.0
0.0
0.0
0.0
0.0
0.0
0.0
0.0
-2.6666666666666665
-2.6666666666666665
-2.6666666666666665
-2.6666666666666665
-2.6666666666666665
-2.6666666666666665
-2.6666666666666665
0.0
0.0
0.0
0.0
0.0
0.0
-2.6666666666666665
-2.6666666666666665
-2.6666666666666665
-2.6666666666666665
-2.6666666666666665
0.0
0.0
0.0
0.0
0.0
0.0
0.0
0.0
0.0
0.0
0.0
-2.6666666666666665
-2.6666666666666665
-2.6666666666666665
-2.6666666666666665
-2.6666666666666665
-2.6666666666666665
-2.6666666666666665
-2.6666666666666665
0.0
0.0
-2.6666666666666665
-2.6666666666666665
-2.6666666666666665
-2.6666666666666665
-2.6666666666666665
-2.6666666666666665
-2.6666666666666665
-2.6666666666666665
-2.6666666666666665
-2.6666666666666665
-2.6666666666666665
-2.6666666666666665
0.0
0.0
0.0
0.0
0.0
0.0
0.0
0.0
0.0
0.0
0.0
0.0
0.0
-2.6666666666666665
-2.6666666666666665
-2.6666666666666665
-2.6666666666666665
-2.6666666666666665
-2.6666666666666665
-2.6666666666666665
-2.6666666666666665
0.0
0.0
0.0
0.0
0.0
0.0
0.0
0.0
0.0
0.0
0.0
0.0
0.0
0.0
0.0
0.0
0.0
0.0
0.0
0.0
0.0
-2.6666666666666665
-2.6666666666666665
-2.6666666666666665
-2.6666666666666665
-2.6666666666666665
-2.6666666666666665
-2.6666666666666665
-2.6666666666666665
-2.6666666666666665
-2.6666666666666665
-2.6666666666666665
-2.6666666666666665
-2.6666666666666665
-2.6666666666666665
-2.6666666666666665
-2.6666666666666665
-2.6666666666666665
-2.6666666666666665
-2.6666666666666665
-2.6666666666666665
-2.6666666666666665
-2.6666666666666665
-2.6666666666666665
-2.6666666666666665
-2.6666666666666665
-2.6666666666666665
-2.6666666666666665
-2.6666666666666665
-2.6666666666666665
-2.6666666666666665
-2.6666666666666665
-2.6666666666666665
-2.6666666666666665
0.0
0.0
0.0
0.0
0.0
0.0
0.0
0.0
0.0
0.0
0.0
0.0
0.0
0.0
-2.6666666666666665
-2.6666666666666665
-2.6666666666666665
0.0
0.0
0.0
0.0
0.0
0.0
-2.6666666666666665
-2.6666666666666665
-2.6666666666666665
-2.6666666666666665
-2.6666666666666665
-2.6666666666666665
0.0
0.0
0.0
0.0
0.0
0.0
0.0
0.0
0.0
0.0
0.0
-2.6666666666666665
-2.6666666666666665
-2.6666666666666665
-2.6666666666666665
-2.6666666666666665
-2.6666666666666665
-2.6666666666666665
-2.6666666666666665
-2.6666666666666665
-2.6666666666666665
-2.6666666666666665
-2.6666666666666665
-2.6666666666666665
0.0
0.0
0.0
0.0
0.0
0.0
0.0
0.0
0.0
-2.6666666666666665
-2.6666666666666665
-2.6666666666666665
-2.6666666666666665
-2.6666666666666665
-2.6666666666666665
-2.6666666666666665
-2.6666666666666665
-2.6666666666666665
-2.6666666666666665
-2.6666666666666665
-2.6666666666666665
-2.6666666666666665
-2.6666666666666665
-2.6666666666666665
-2.6666666666666665
-2.6666666666666665
0.0
0.0
0.0
0.0
0.0
0.0
0.0
0.0
0.0
0.0
0.0
0.0
0.0
0.0
0.0
-2.6666666666666665
-2.6666666666666665
-2.6666666666666665
-2.6666666666666665
-2.6666666666666665
0.0
0.0
0.0
0.0
0.0
0.0
0.0
0.0
0.0
0.0
0.0
0.0
0.0
0.0
0.0
0.0
0.0
0.0
0.0
0.0
0.0
-2.6666666666666665
-2.6666666666666665
-2.6666666666666665
-2.6666666666666665
-2.6666666666666665
0.0
0.0
0.0
0.0
0.0
0.0
0.0
0.0
0.0
0.0
0.0
0.0
0.0
0.0
0.0
0.0
-1.0
-1.0
-1.0
-1.0
-1.0
-1.0
-1.0
-1.0
-1.0
-1.0
-1.0
-1.0
-1.0
0.0
0.0
0.0
0.0
0.0
0.0
0.0
0.0
0.0
0.0
-1.0
-1.0
-1.0
-1.0
-1.0
-1.0
-1.0
-1.0
-1.0
-1.0
-1.0
-1.0
-1.0
-1.0
-1.0
-1.0
-1.0
-1.0
-1.0
-1.0
-1.0
-1.0
-1.0
-1.0
-1.0
-1.0
-1.0
-1.0
0.0
0.0
-1.0
-1.0
-1.0
-1.0
-1.0
-1.0
-1.0
-1.0
-1.0
-1.0
-1.0
-1.0
-1.0
-1.0
-1.0
-1.0
-1.0
-1.0
-1.0
-1.0
-1.0
-1.0
-1.0
-1.0
-1.0
-1.0
-1.0
-1.0
-1.0
-1.0
-1.0
-1.0
-1.0
-1.0
-1.0
0.0
0.0
0.0
0.0
0.0
0.0
0.0
0.0
0.0
-1.0
-1.0
-2.6666666666666665
-2.6666666666666665
-2.6666666666666665
-2.6666666666666665
-2.6666666666666665
-2.6666666666666665
-2.6666666666666665
-2.6666666666666665
-2.6666666666666665
-2.6666666666666665
0.0
0.0
0.0
-2.6666666666666665
-2.6666666666666665
-2.6666666666666665
0.0
-2.6666666666666665
-2.6666666666666665
-2.6666666666666665
-2.6666666666666665
-2.6666666666666665
-2.6666666666666665
-2.6666666666666665
-2.6666666666666665
-2.6666666666666665
-2.6666666666666665
-2.6666666666666665
-2.6666666666666665
-2.6666666666666665
-2.6666666666666665
-2.6666666666666665
-2.6666666666666665
-2.6666666666666665
-2.6666666666666665
-2.6666666666666665
-2.6666666666666665
-2.6666666666666665
0.0
0.0
0.0
0.0
0.0
-2.6666666666666665
-2.6666666666666665
-2.6666666666666665
-2.6666666666666665
-2.6666666666666665
-2.6666666666666665
-2.6666666666666665
-2.6666666666666665
-2.6666666666666665
-2.6666666666666665
-2.6666666666666665
-2.6666666666666665
-2.6666666666666665
-2.6666666666666665
-2.6666666666666665
-2.6666666666666665
-2.6666666666666665
-2.6666666666666665
0.0
0.0
0.0
-2.6666666666666665
-2.6666666666666665
-2.6666666666666665
0.0
0.0
0.0
0.0
0.0
0.0
0.0
0.0
0.0
0.0
0.0
0.0
0.0
0.0
0.0
0.0
0.0
0.0
0.0
0.0
0.0
-2.6666666666666665
-2.6666666666666665
-2.6666666666666665
0.0
0.0
0.0
0.0
0.0
0.0
0.0
0.0
-2.6666666666666665
-2.6666666666666665
-2.6666666666666665
-2.6666666666666665
-2.6666666666666665
-2.6666666666666665
-2.6666666666666665
-2.6666666666666665
-2.6666666666666665
-2.6666666666666665
-2.6666666666666665
-2.6666666666666665
-2.6666666666666665
-2.6666666666666665
-2.6666666666666665
-2.6666666666666665
-2.6666666666666665
-2.6666666666666665
-2.6666666666666665
-2.6666666666666665
-2.6666666666666665
-2.6666666666666665
-2.6666666666666665
-2.6666666666666665
-2.6666666666666665
-2.6666666666666665
-2.6666666666666665
-2.6666666666666665
-2.6666666666666665
-2.6666666666666665
-2.6666666666666665
-2.6666666666666665
-2.6666666666666665
0.0
0.0
0.0
0.0
0.0
0.0
-2.6666666666666665
-2.6666666666666665
-2.6666666666666665
0.0
0.0
0.0
0.0
0.0
0.0
0.0
0.0
0.0
0.0
0.0
0.0
0.0
0.0
0.0
0.0
0.0
0.0
0.0
0.0
0.0
-2.6666666666666665
-2.6666666666666665
-2.6666666666666665
-2.6666666666666665
-2.6666666666666665
-2.6666666666666665
-2.6666666666666665
0.0
0.0
0.0
0.0
-2.6666666666666665
-2.6666666666666665
-2.6666666666666665
-2.6666666666666665
-2.6666666666666665
-2.6666666666666665
-2.6666666666666665
0.0
0.0
0.0
0.0
0.0
0.0
0.0
0.0
0.0
0.0
0.0
0.0
0.0
0.0
0.0
0.0
-2.6666666666666665
0.0
0.0
0.0
0.0
0.0
0.0
0.0
0.0
0.0
0.0
0.0
0.0
0.0
0.0
0.0
0.0
0.0
0.0
0.0
0.0
0.0
0.0
-2.6666666666666665
0.0
0.0
0.0
0.0
0.0
0.0
0.0
0.0
0.0
0.0
0.0
-2.6666666666666665
-2.6666666666666665
-2.6666666666666665
0.0
0.0
0.0
0.0
0.0
0.0
0.0
0.0
0.0
0.0
0.0
0.0
-2.6666666666666665
-2.6666666666666665
0.0
0.0
0.0
-2.6666666666666665
-2.6666666666666665
-2.6666666666666665
-2.6666666666666665
-2.6666666666666665
-2.6666666666666665
0.0
0.0
0.0
0.0
0.0
0.0
0.0
0.0
0.0
0.0
0.0
0.0
0.0
0.0
0.0
0.0
0.0
0.0
0.0
0.0
0.0
0.0
-2.6666666666666665
0.0
0.0
0.0
0.0
0.0
0.0
-2.6666666666666665
-2.6666666666666665
-2.6666666666666665
-2.6666666666666665
-2.6666666666666665
-2.6666666666666665
-2.6666666666666665
-2.6666666666666665
-2.6666666666666665
-2.6666666666666665
0.0
0.0
0.0
-2.6666666666666665
-2.6666666666666665
-2.6666666666666665
-2.6666666666666665
0.0
0.0
0.0
0.0
0.0
0.0
0.0
0.0
0.0
0.0
0.0
0.0
0.0
0.0
0.0
-2.6666666666666665
-2.6666666666666665
-2.6666666666666665
-2.6666666666666665
-2.6666666666666665
-2.6666666666666665
-2.6666666666666665
-2.6666666666666665
-2.6666666666666665
-2.6666666666666665
0.0
0.0
0.0
0.0
0.0
0.0
0.0
0.0
0.0
0.0
0.0
0.0
0.0
0.0
0.0
0.0
-2.6666666666666665
-2.6666666666666665
-2.6666666666666665
-2.6666666666666665
0.0
0.0
0.0
0.0
0.0
0.0
0.0
0.0
-2.6666666666666665
-2.6666666666666665
0.0
0.0
0.0
0.0
0.0
0.0
0.0
0.0
0.0
0.0
0.0
0.0
-2.6666666666666665
-2.6666666666666665
-2.6666666666666665
-2.6666666666666665
-2.6666666666666665
-2.6666666666666665
-2.6666666666666665
-2.6666666666666665
-2.6666666666666665
-2.6666666666666665
-2.6666666666666665
-2.6666666666666665
-2.6666666666666665
-2.6666666666666665
-2.6666666666666665
-2.6666666666666665
-2.6666666666666665
-2.6666666666666665
-2.6666666666666665
-2.6666666666666665
-2.6666666666666665
-2.6666666666666665
-2.6666666666666665
-2.6666666666666665
-2.6666666666666665
-2.6666666666666665
0.0
0.0
-2.6666666666666665
-2.6666666666666665
-2.6666666666666665
-2.6666666666666665
-2.6666666666666665
-2.6666666666666665
-2.6666666666666665
-2.6666666666666665
-2.6666666666666665
-2.6666666666666665
-2.6666666666666665
-2.6666666666666665
0.0
0.0
0.0
0.0
0.0
0.0
0.0
-2.6666666666666665
-2.6666666666666665
-2.6666666666666665
-2.6666666666666665
-2.6666666666666665
-2.6666666666666665
-2.6666666666666665
0.0
0.0
0.0
0.0
0.0
0.0
0.0
-2.6666666666666665
-2.6666666666666665
-2.6666666666666665
-2.6666666666666665
-2.6666666666666665
-2.6666666666666665
-2.6666666666666665
-2.6666666666666665
0.0
0.0
0.0
0.0
0.0
0.0
0.0
0.0
0.0
0.0
0.0
0.0
0.0
0.0
0.0
0.0
0.0
0.0
-2.6666666666666665
-2.6666666666666665
-2.6666666666666665
-2.6666666666666665
-2.6666666666666665
-2.6666666666666665
-2.6666666666666665
-2.6666666666666665
-2.6666666666666665
-2.6666666666666665
0.0
0.0
0.0
0.0
0.0
0.0
0.0
-2.6666666666666665
0.0
0.0
0.0
0.0
0.0
0.0
0.0
0.0
0.0
0.0
0.0
0.0
0.0
0.0
0.0
0.0
0.0
0.0
0.0
-2.6666666666666665
-2.6666666666666665
-2.6666666666666665
-2.6666666666666665
-2.6666666666666665
-2.6666666666666665
-2.6666666666666665
0.0
0.0
0.0
0.0
0.0
0.0
0.0
0.0
0.0
0.0
0.0
0.0
0.0
0.0
0.0
-2.6666666666666665
-2.6666666666666665
-2.6666666666666665
-2.6666666666666665
-2.6666666666666665
-2.6666666666666665
-2.6666666666666665
0.0
0.0
0.0
0.0
0.0
0.0
0.0
0.0
0.0
0.0
0.0
0.0
0.0
0.0
0.0
0.0
0.0
0.0
0.0
0.0
0.0
0.0
0.0
0.0
0.0
0.0
0.0
0.0
0.0
0.0
0.0
0.0
0.0
0.0
0.0
0.0
0.0
0.0
0.0
0.0
0.0
0.0
-2.6666666666666665
0.0
0.0
0.0
0.0
0.0
0.0
0.0
0.0
0.0
0.0
-2.6666666666666665
0.0
0.0
0.0
0.0
0.0
-2.6666666666666665
-2.6666666666666665
-2.6666666666666665
-2.6666666666666665
-2.6666666666666665
-2.6666666666666665
-2.6666666666666665
-2.6666666666666665
0.0
0.0
0.0
0.0
0.0
0.0
0.0
0.0
0.0
0.0
-2.6666666666666665
-2.6666666666666665
-2.6666666666666665
-2.6666666666666665
-2.6666666666666665
-2.6666666666666665
-2.6666666666666665
-2.6666666666666665
-2.6666666666666665
-2.6666666666666665
0.0
0.0
0.0
0.0
0.0
0.0
0.0
0.0
0.0
0.0
0.0
0.0
0.0
0.0
0.0
0.0
0.0
-2.6666666666666665
-2.6666666666666665
-2.6666666666666665
-2.6666666666666665
-2.6666666666666665
-2.6666666666666665
-2.6666666666666665
-2.6666666666666665
-2.6666666666666665
-2.6666666666666665
-2.6666666666666665
0.0
0.0
0.0
0.0
0.0
0.0
0.0
0.0
0.0
0.0
0.0
0.0
0.0
0.0
0.0
0.0
0.0
0.0
0.0
0.0
0.0
0.0
0.0
0.0
0.0
0.0
0.0
0.0
0.0
0.0
0.0
0.0
0.0
0.0
-2.6666666666666665
-2.6666666666666665
-2.6666666666666665
-2.6666666666666665
-2.6666666666666665
-2.6666666666666665
-2.6666666666666665
-2.6666666666666665
-2.6666666666666665
-2.6666666666666665
-2.6666666666666665
-2.6666666666666665
-2.6666666666666665
-2.6666666666666665
-2.6666666666666665
-2.6666666666666665
0.0
-2.6666666666666665
0.0
0.0
0.0
0.0
0.0
0.0
0.0
0.0
0.0
0.0
0.0
0.0
0.0
0.0
0.0
-2.6666666666666665
0.0
0.0
0.0
0.0
0.0
0.0
0.0
-2.6666666666666665
0.0
-2.6666666666666665
0.0
0.0
0.0
0.0
0.0
0.0
0.0
0.0
0.0
0.0
0.0
0.0
0.0
0.0
0.0
0.0
0.0
-2.6666666666666665
-2.6666666666666665
-2.6666666666666665
-2.6666666666666665
0.0
0.0
0.0
0.0
0.0
0.0
0.0
0.0
0.0
0.0
0.0
0.0
0.0
-2.6666666666666665
-2.6666666666666665
-2.6666666666666665
-2.6666666666666665
-2.6666666666666665
-2.6666666666666665
-2.6666666666666665
0.0
0.0
0.0
0.0
0.0
0.0
0.0
0.0
0.0
0.0
0.0
-2.6666666666666665
-2.6666666666666665
-2.6666666666666665
-2.6666666666666665
-2.6666666666666665
-2.6666666666666665
-2.6666666666666665
-2.6666666666666665
-2.6666666666666665
-2.6666666666666665
-2.6666666666666665
0.0
0.0
0.0
0.0
0.0
0.0
0.0
0.0
0.0
0.0
0.0
0.0
0.0
0.0
0.0
0.0
0.0
0.0
0.0
-2.6666666666666665
-2.6666666666666665
-1.0
-1.0
-1.0
-1.0
-1.0
-1.0
-1.0
-1.0
-1.0
-1.0
0.0
-1.0
-1.0
-1.0
0.0
0.0
0.0
0.0
0.0
-1.0
0.0
-1.0
-1.0
0.0
0.0
0.0
0.0
0.0
0.0
0.0
0.0
0.0
0.0
0.0
0.0
0.0
0.0
0.0
0.0
0.0
0.0
0.0
0.0
0.0
-1.0
0.0
0.0
-1.0
-1.0
-1.0
-1.0
-1.0
-1.0
-1.0
-1.0
-1.0
-1.0
-1.0
-1.0
-1.0
-1.0
-1.0
-1.0
-1.0
-1.0
-1.0
-1.0
-1.0
-1.0
-1.0
-1.0
-1.0
-1.0
-1.0
0.0
0.0
0.0
0.0
0.0
0.0
0.0
0.0
0.0
0.0
0.0
0.0
-1.0
-1.0
-1.0
-1.0
-1.0
-1.0
-1.0
-1.0
-1.0
-1.0
-1.0
-1.0
0.0
0.0
0.0
0.0
0.0
-2.6666666666666665
-2.6666666666666665
-2.6666666666666665
-2.6666666666666665
-2.6666666666666665
-2.6666666666666665
-2.6666666666666665
-2.6666666666666665
0.0
0.0
0.0
0.0
-2.6666666666666665
-2.6666666666666665
0.0
0.0
0.0
0.0
0.0
0.0
0.0
0.0
0.0
-2.6666666666666665
-2.6666666666666665
0.0
0.0
0.0
0.0
0.0
0.0
0.0
0.0
0.0
0.0
0.0
0.0
0.0
0.0
0.0
0.0
0.0
0.0
0.0
0.0
0.0
0.0
0.0
0.0
0.0
0.0
0.0
0.0
0.0
0.0
0.0
0.0
0.0
0.0
0.0
0.0
0.0
0.0
0.0
0.0
-2.6666666666666665
-2.6666666666666665
-2.6666666666666665
-2.6666666666666665
-2.6666666666666665
-2.6666666666666665
-2.6666666666666665
-2.6666666666666665
-2.6666666666666665
-2.6666666666666665
0.0
0.0
-2.6666666666666665
-2.6666666666666665
-2.6666666666666665
0.0
0.0
0.0
0.0
0.0
0.0
0.0
0.0
0.0
0.0
0.0
0.0
0.0
0.0
0.0
0.0
-2.6666666666666665
-1.0
-1.0
0.0
0.0
0.0
-1.0
-1.0
-1.0
-1.0
-1.0
-1.0
-1.0
-1.0
-1.0
-1.0
-1.0
-1.0
-1.0
-1.0
-1.0
-1.0
0.0
0.0
0.0
0.0
0.0
0.0
0.0
0.0
0.0
0.0
0.0
0.0
0.0
-1.0
-1.0
-1.0
-1.0
-1.0
-1.0
-1.0
-1.0
-1.0
-1.0
-1.0
-1.0
-1.0
-1.0
-1.0
-1.0
-1.0
-1.0
-1.0
0.0
0.0
0.0
0.0
0.0
-1.0
-1.0
-1.0
-1.0
-1.0
-1.0
-1.0
-1.0
-1.0
-1.0
-1.0
-1.0
-1.0
-1.0
-1.0
-1.0
-1.0
-1.0
0.0
0.0
0.0
0.0
-1.0
-1.0
-1.0
-1.0
-1.0
-1.0
-1.0
-1.0
-1.0
-1.0
-1.0
-1.0
-1.0
-1.0
-1.0
-1.0
-1.0
0.0
-1.0
-1.0
-1.0
-1.0
-1.0
-1.0
-1.0
-1.0
-1.0
-1.0
-1.0
-1.0
-1.0
-1.0
-1.0
-1.0
-1.0
-1.0
-1.0
-1.0
-1.0
-1.0
-1.0
-1.0
-1.0
-1.0
-1.0
-1.0
-1.0
-1.0
-1.0
-1.0
-1.0
-1.0
-1.0
-1.0
-1.0
-1.0
-1.0
-1.0
-1.0
-1.0
-1.0
-1.0
-1.0
-1.0
-1.0
-1.0
-1.0
0.0
0.0
0.0
0.0
0.0
0.0
0.0
0.0
0.0
0.0
0.0
0.0
0.0
0.0
0.0
-1.0
-1.0
-1.0
-1.0
-1.0
-1.0
-1.0
-1.0
-1.0
-1.0
-1.0
-1.0
0.0
-1.0
-1.0
-1.0
-1.0
-1.0
-1.0
0.0
0.0
0.0
0.0
0.0
0.0
0.0
0.0
0.0
0.0
0.0
0.0
0.0
0.0
0.0
0.0
0.0
-1.0
-1.0
-2.6666666666666665
-2.6666666666666665
-2.6666666666666665
-2.6666666666666665
0.0
0.0
0.0
0.0
0.0
0.0
0.0
0.0
0.0
0.0
0.0
0.0
0.0
0.0
-2.6666666666666665
-2.6666666666666665
-2.6666666666666665
-2.6666666666666665
-2.6666666666666665
-2.6666666666666665
-2.6666666666666665
-2.6666666666666665
-2.6666666666666665
-2.6666666666666665
-2.6666666666666665
-2.6666666666666665
-2.6666666666666665
-2.6666666666666665
-2.6666666666666665
-2.6666666666666665
-2.6666666666666665
0.0
0.0
0.0
0.0
0.0
0.0
0.0
-2.6666666666666665
-2.6666666666666665
-2.6666666666666665
-2.6666666666666665
-2.6666666666666665
-2.6666666666666665
-2.6666666666666665
-2.6666666666666665
-2.6666666666666665
0.0
0.0
0.0
0.0
0.0
0.0
0.0
0.0
-2.6666666666666665
-2.6666666666666665
-2.6666666666666665
-2.6666666666666665
-2.6666666666666665
-2.6666666666666665
-2.6666666666666665
-2.6666666666666665
-2.6666666666666665
-2.6666666666666665
-2.6666666666666665
-2.6666666666666665
-2.6666666666666665
-2.6666666666666665
0.0
0.0
0.0
0.0
0.0
0.0
0.0
0.0
0.0
0.0
0.0
0.0
0.0
0.0
-2.6666666666666665
0.0
0.0
0.0
0.0
0.0
-2.6666666666666665
-2.6666666666666665
-2.6666666666666665
-2.6666666666666665
-2.6666666666666665
-2.6666666666666665
-2.6666666666666665
-1.0
-1.0
-1.0
-1.0
-1.0
0.0
0.0
0.0
0.0
0.0
0.0
0.0
0.0
0.0
0.0
0.0
0.0
0.0
0.0
-1.0
-1.0
-1.0
-1.0
-1.0
-1.0
-1.0
-1.0
-1.0
0.0
0.0
-1.0
-1.0
-1.0
-1.0
-1.0
-1.0
-1.0
-1.0
-1.0
-1.0
-1.0
-1.0
-1.0
-1.0
-1.0
-1.0
0.0
0.0
-1.0
-1.0
-1.0
-1.0
0.0
0.0
0.0
0.0
0.0
0.0
-1.0
-1.0
-1.0
-1.0
-1.0
-1.0
-1.0
-1.0
-1.0
-1.0
-1.0
-1.0
-1.0
-1.0
-1.0
-1.0
-1.0
-1.0
-1.0
-1.0
-1.0
-1.0
-1.0
-1.0
-1.0
-1.0
-1.0
0.0
0.0
0.0
0.0
0.0
0.0
-1.0
-1.0
-1.0
-1.0
-1.0
-1.0
0.0
0.0
0.0
-1.0
-1.0
-1.0
-1.0
-1.0
-1.0
-1.0
-1.0
-1.0
-1.0
-1.0
-1.0
-1.0
-1.0
-1.0
-1.0
-1.0
-1.0
-1.0
-1.0
-1.0
-1.0
-1.0
-1.0
-1.0
-1.0
-1.0
-1.0
-1.0
-1.0
-1.0
-1.0
0.0
0.0
0.0
0.0
-1.0
0.0
0.0
0.0
-1.0
-1.0
-1.0
-1.0
-1.0
-1.0
-1.0
-1.0
-1.0
-1.0
-1.0
0.0
0.0
0.0
0.0
0.0
0.0
0.0
0.0
0.0
0.0
0.0
0.0
-1.0
-1.0
-1.0
-1.0
-1.0
-1.0
0.0
-1.0
-1.0
-1.0
-1.0
-1.0
-1.0
-1.0
-1.0
-1.0
-1.0
-1.0
-1.0
-1.0
0.0
0.0
0.0
0.0
0.0
0.0
0.0
0.0
0.0
0.0
0.0
0.0
0.0
0.0
0.0
-1.0
-1.0
-2.6666666666666665
-2.6666666666666665
-2.6666666666666665
-2.6666666666666665
0.0
0.0
0.0
0.0
0.0
0.0
0.0
-2.6666666666666665
-2.6666666666666665
-2.6666666666666665
-2.6666666666666665
-2.6666666666666665
-2.6666666666666665
-2.6666666666666665
-2.6666666666666665
-2.6666666666666665
-2.6666666666666665
-2.6666666666666665
-2.6666666666666665
-2.6666666666666665
-2.6666666666666665
-2.6666666666666665
-2.6666666666666665
0.0
0.0
0.0
-2.6666666666666665
0.0
0.0
0.0
-2.6666666666666665
-2.6666666666666665
0.0
0.0
0.0
0.0
0.0
0.0
0.0
0.0
-2.6666666666666665
-2.6666666666666665
-2.6666666666666665
-2.6666666666666665
-2.6666666666666665
-2.6666666666666665
0.0
0.0
0.0
-2.6666666666666665
-2.6666666666666665
-2.6666666666666665
-2.6666666666666665
-2.6666666666666665
0.0
0.0
0.0
0.0
0.0
0.0
0.0
0.0
0.0
0.0
0.0
0.0
0.0
0.0
-2.6666666666666665
-2.6666666666666665
-2.6666666666666665
-2.6666666666666665
0.0
0.0
0.0
0.0
0.0
0.0
0.0
0.0
0.0
0.0
0.0
-2.6666666666666665
-2.6666666666666665
-2.6666666666666665
-2.6666666666666665
-2.6666666666666665
0.0
0.0
0.0
0.0
0.0
0.0
0.0
0.0
-1.0
-1.0
0.0
0.0
0.0
0.0
0.0
0.0
0.0
0.0
0.0
0.0
0.0
0.0
0.0
0.0
0.0
0.0
0.0
0.0
0.0
0.0
0.0
0.0
-1.0
-1.0
-1.0
-1.0
-1.0
-1.0
-1.0
-1.0
-1.0
-1.0
-1.0
-1.0
-1.0
-1.0
-1.0
-1.0
-1.0
-1.0
-1.0
-1.0
-1.0
-1.0
-1.0
-1.0
-1.0
-1.0
-1.0
-1.0
-1.0
-1.0
-1.0
-1.0
-1.0
-1.0
-1.0
-1.0
-1.0
0.0
0.0
0.0
0.0
0.0
-1.0
-1.0
-1.0
0.0
0.0
0.0
0.0
0.0
0.0
0.0
0.0
0.0
0.0
0.0
0.0
0.0
0.0
0.0
0.0
0.0
0.0
0.0
0.0
-1.0
-1.0
-1.0
-1.0
-1.0
-1.0
-1.0
-1.0
-1.0
-1.0
-1.0
-1.0
-1.0
0.0
0.0
0.0
0.0
0.0
0.0
0.0
-1.0
-1.0
-1.0
-1.0
-1.0
-1.0
-1.0
-1.0
-1.0
-1.0
0.0
0.0
0.0
0.0
0.0
0.0
0.0
0.0
0.0
0.0
-1.0
-1.0
-1.0
-1.0
0.0
0.0
0.0
0.0
0.0
0.0
0.0
0.0
0.0
0.0
0.0
0.0
0.0
0.0
0.0
0.0
0.0
0.0
0.0
0.0
0.0
0.0
-1.0
0.0
0.0
-1.0
-1.0
-1.0
-1.0
-1.0
-1.0
-1.0
-1.0
-1.0
-1.0
-1.0
0.0
0.0
0.0
0.0
0.0
0.0
0.0
0.0
0.0
0.0
0.0
0.0
0.0
0.0
0.0
0.0
0.0
0.0
-1.0
-1.0
-1.0
-1.0
-1.0
-1.0
-1.0
-1.0
-1.0
0.0
0.0
0.0
0.0
-2.6666666666666665
0.0
0.0
0.0
0.0
0.0
0.0
0.0
0.0
0.0
0.0
0.0
0.0
0.0
-2.6666666666666665
-2.6666666666666665
-2.6666666666666665
-2.6666666666666665
-2.6666666666666665
-2.6666666666666665
-2.6666666666666665
-2.6666666666666665
-2.6666666666666665
-2.6666666666666665
-2.6666666666666665
-2.6666666666666665
-2.6666666666666665
-2.6666666666666665
-2.6666666666666665
-2.6666666666666665
-2.6666666666666665
-2.6666666666666665
-2.6666666666666665
-2.6666666666666665
-2.6666666666666665
-2.6666666666666665
-2.6666666666666665
-2.6666666666666665
-2.6666666666666665
-2.6666666666666665
-2.6666666666666665
-2.6666666666666665
-2.6666666666666665
-2.6666666666666665
-2.6666666666666665
-2.6666666666666665
-2.6666666666666665
-2.6666666666666665
-2.6666666666666665
-2.6666666666666665
-2.6666666666666665
-2.6666666666666665
-2.6666666666666665
-2.6666666666666665
-2.6666666666666665
0.0
0.0
-2.6666666666666665
-2.6666666666666665
-2.6666666666666665
-2.6666666666666665
-2.6666666666666665
-2.6666666666666665
0.0
0.0
0.0
0.0
-2.6666666666666665
-2.6666666666666665
-2.6666666666666665
-2.6666666666666665
-2.6666666666666665
-2.6666666666666665
-2.6666666666666665
-2.6666666666666665
-2.6666666666666665
-2.6666666666666665
-2.6666666666666665
-2.6666666666666665
-2.6666666666666665
-2.6666666666666665
-2.6666666666666665
0.0
0.0
0.0
0.0
0.0
0.0
0.0
0.0
0.0
0.0
0.0
0.0
0.0
0.0
0.0
-2.6666666666666665
-2.6666666666666665
-2.6666666666666665
-2.6666666666666665
-2.6666666666666665
-2.6666666666666665
-2.6666666666666665
-2.6666666666666665
-2.6666666666666665
-2.6666666666666665
-2.6666666666666665
0.0
0.0
0.0
0.0
0.0
-2.6666666666666665
-2.6666666666666665
-2.6666666666666665
-2.6666666666666665
-2.6666666666666665
-2.6666666666666665
-2.6666666666666665
-2.6666666666666665
-2.6666666666666665
-2.6666666666666665
-2.6666666666666665
-2.6666666666666665
-2.6666666666666665
-2.6666666666666665
-2.6666666666666665
-2.6666666666666665
-2.6666666666666665
0.0
0.0
0.0
0.0
0.0
0.0
0.0
0.0
0.0
0.0
-2.6666666666666665
-2.6666666666666665
-2.6666666666666665
-2.6666666666666665
-2.6666666666666665
-2.6666666666666665
-2.6666666666666665
-2.6666666666666665
-2.6666666666666665
-2.6666666666666665
0.0
0.0
0.0
0.0
0.0
0.0
0.0
0.0
-2.6666666666666665
-2.6666666666666665
-2.6666666666666665
0.0
0.0
0.0
0.0
0.0
0.0
0.0
0.0
0.0
0.0
-2.6666666666666665
0.0
0.0
0.0
0.0
0.0
0.0
0.0
0.0
0.0
0.0
0.0
0.0
0.0
0.0
0.0
0.0
0.0
0.0
0.0
0.0
0.0
0.0
0.0
0.0
0.0
0.0
0.0
0.0
0.0
-1.0
-1.0
-1.0
-1.0
-1.0
-1.0
-1.0
-1.0
-1.0
-1.0
-1.0
-1.0
-1.0
-1.0
-1.0
-1.0
-1.0
0.0
0.0
0.0
0.0
0.0
0.0
0.0
0.0
0.0
0.0
0.0
0.0
0.0
0.0
-1.0
-1.0
0.0
0.0
0.0
0.0
-1.0
-1.0
-1.0
0.0
0.0
0.0
0.0
0.0
0.0
0.0
0.0
0.0
0.0
0.0
0.0
0.0
0.0
0.0
0.0
0.0
0.0
0.0
0.0
0.0
0.0
0.0
0.0
0.0
0.0
0.0
0.0
0.0
0.0
0.0
0.0
0.0
-1.0
-1.0
-1.0
-1.0
-1.0
-1.0
-1.0
-1.0
-1.0
-1.0
-1.0
-1.0
-1.0
0.0
0.0
0.0
0.0
0.0
0.0
0.0
0.0
0.0
0.0
0.0
0.0
0.0
0.0
0.0
0.0
0.0
0.0
0.0
0.0
0.0
0.0
0.0
-1.0
-1.0
-1.0
-1.0
-1.0
-1.0
-1.0
-1.0
-1.0
-1.0
-1.0
-1.0
-1.0
-1.0
-1.0
-1.0
-1.0
-1.0
-1.0
0.0
0.0
0.0
0.0
0.0
0.0
0.0
0.0
0.0
0.0
-1.0
-1.0
-1.0
-1.0
-1.0
-1.0
-1.0
-1.0
-1.0
-1.0
-1.0
-1.0
0.0
0.0
0.0
0.0
0.0
0.0
0.0
0.0
0.0
0.0
0.0
0.0
0.0
0.0
0.0
0.0
0.0
0.0
0.0
0.0
0.0
0.0
0.0
0.0
0.0
0.0
0.0
0.0
0.0
0.0
0.0
0.0
0.0
0.0
0.0
0.0
0.0
-1.0
-1.0
-1.0
-1.0
-1.0
-1.0
-1.0
-1.0
-1.0
-1.0
-1.0
