0.1333333333333333
0.08000000000000007
-0.10000000000000009
0.13000000000000034
0.07666666666666666
-0.10999999999999988
0.013333333333333197
0.1333333333333333
0.10000000000000009
-0.06000000000000005
0.02666666666666684
0.08999999999999986
0.12333333333333307
0.26666666666666705
0.20666666666666655
0.16000000000000014
0.12666666666666693
0.3233333333333337
0.19666666666666677
0.21666666666666679
0.22999999999999998
0.32666666666666666
0.16000000000000014
0.06000000000000005
0.3766666666666669
0.34666666666666623
-0.01666666666666705
0.11999999999999966
0.3633333333333333
0.036666666666666625
0.19999999999999973
0.033333333333333215
0.2466666666666666
0.2866666666666666
0.06000000000000005
0.14000000000000012
0.2799999999999998
0.06000000000000005
0.043333333333333446
0.05333333333333323
-0.1466666666666665
0.06000000000000005
-0.05666666666666664
0.050000000000000266
0.0033333333333334103
-0.033333333333333215
0.07000000000000028
-0.023333333333333428
0.13666666666666671
-0.0033333333333334103
-0.08999999999999986
-0.046666666666666856
0.043333333333333446
0.01666666666666705
0.023333333333333428
-0.11333333333333329
-0.10666666666666691
0.043333333333333446
0.08666666666666645
-0.10000000000000009
-0.08999999999999986
0.07000000000000028
0.050000000000000266
0.1466666666666665
-0.06666666666666643
-0.09666666666666623
0.050000000000000266
0.043333333333333446
0.11333333333333329
-0.06000000000000005
0.029999999999999805
-0.08000000000000007
0.18999999999999995
0.09666666666666623
0.1433333333333331
0.09333333333333327
-0.05333333333333323
-0.009999999999999787
0.029999999999999805
-0.08000000000000007
0.1433333333333331
0.050000000000000266
-0.1333333333333333
-0.0033333333333334103
-0.16000000000000014
0.0733333333333337
0.02666666666666684
0.033333333333333215
0.033333333333333215
-0.036666666666666625
-0.0066666666666663765
-0.06000000000000005
-0.05666666666666664
-0.029999999999999805
-0.009999999999999787
-0.036666666666666625
-0.05333333333333323
-0.0733333333333337
-0.046666666666666856
0.06666666666666643
-0.06666666666666643
-0.09666666666666623
-0.06666666666666643
-0.029999999999999805
-0.043333333333333446
-0.01666666666666705
-0.07000000000000028
-0.08333333333333348
-0.08666666666666645
-0.033333333333333215
-0.050000000000000266
-0.020000000000000018
-0.07666666666666666
-0.029999999999999805
-0.033333333333333215
-0.08999999999999986
-0.06000000000000005
-0.06666666666666643
-0.07666666666666666
-0.03999999999999959
-0.029999999999999805
-0.050000000000000266
-0.0733333333333337
-0.0066666666666663765
-0.020000000000000018
-0.029999999999999805
-0.01666666666666705
0.0
-0.05333333333333323
-0.08666666666666645
-0.06000000000000005
-0.033333333333333215
-0.05666666666666664
-0.03999999999999959
-0.0066666666666663765
-0.009999999999999787
0.0
-0.009999999999999787
-0.01666666666666705
-0.009999999999999787
-0.009999999999999787
-0.020000000000000018
-0.05666666666666664
0.029999999999999805
-0.029999999999999805
-0.029999999999999805
-0.020000000000000018
-0.009999999999999787
-0.03999999999999959
-0.03999999999999959
-0.020000000000000018
-0.033333333333333215
-0.029999999999999805
-0.029999999999999805
-0.020000000000000018
0.0033333333333334103
-0.01666666666666705
-0.050000000000000266
0.0
-0.029999999999999805
-0.050000000000000266
-0.07666666666666666
-0.05333333333333323
-0.05666666666666664
-0.050000000000000266
-0.06333333333333302
-0.03999999999999959
-0.06000000000000005
-0.03999999999999959
-0.06666666666666643
-0.029999999999999805
-0.05666666666666664
-0.050000000000000266
-0.046666666666666856
-0.05666666666666664
0.009999999999999787
-0.03999999999999959
-0.03999999999999959
-0.06000000000000005
-0.06000000000000005
-0.036666666666666625
-0.05666666666666664
-0.050000000000000266
-0.08666666666666645
-0.06000000000000005
-0.036666666666666625
-0.05333333333333323
-0.07666666666666666
-0.07666666666666666
-0.07000000000000028
-0.09333333333333327
-0.12666666666666693
-0.1433333333333331
-0.08333333333333348
-0.1166666666666667
-0.12666666666666693
-0.1333333333333333
-0.15333333333333377
-0.06000000000000005
-0.09333333333333327
-0.07000000000000028
-0.06333333333333302
-0.07000000000000028
-0.09666666666666623
-0.08999999999999986
-0.08000000000000007
-0.09666666666666623
-0.10000000000000009
-0.08999999999999986
-0.07000000000000028
-0.029999999999999805
-0.06000000000000005
-0.08666666666666645
-0.08000000000000007
-0.046666666666666856
-0.06000000000000005
-0.07000000000000028
0.0
-0.050000000000000266
-0.08000000000000007
-0.08000000000000007
-0.050000000000000266
-0.050000000000000266
-0.050000000000000266
-0.046666666666666856
-0.07666666666666666
-0.08666666666666645
-0.06000000000000005
-0.11333333333333329
-0.08000000000000007
-0.06000000000000005
-0.046666666666666856
-0.050000000000000266
-0.08333333333333348
-0.06333333333333302
-0.08000000000000007
-0.0733333333333337
-0.07000000000000028
-0.08000000000000007
-0.050000000000000266
-0.050000000000000266
-0.036666666666666625
-0.050000000000000266
-0.06000000000000005
-0.03999999999999959
-0.050000000000000266
-0.050000000000000266
-0.07000000000000028
-0.07000000000000028
-0.03999999999999959
-0.029999999999999805
-0.07000000000000028
-0.036666666666666625
-0.050000000000000266
-0.036666666666666625
-0.08000000000000007
-0.06666666666666643
-0.050000000000000266
-0.020000000000000018
-0.07000000000000028
-0.10000000000000009
-0.10000000000000009
-0.05666666666666664
-0.10999999999999988
-0.10999999999999988
-0.10999999999999988
-0.03999999999999959
-0.08000000000000007
-0.08000000000000007
-0.08999999999999986
-0.06000000000000005
-0.08000000000000007
-0.08666666666666645
-0.029999999999999805
-0.10000000000000009
-0.10000000000000009
-0.10000000000000009
-0.08999999999999986
-0.07000000000000028
-0.08999999999999986
-0.06666666666666643
-0.08999999999999986
-0.06000000000000005
-0.08666666666666645
-0.036666666666666625
-0.03999999999999959
-0.05666666666666664
-0.07666666666666666
-0.07000000000000028
-0.08000000000000007
-0.08000000000000007
-0.10000000000000009
-0.10000000000000009
-0.08999999999999986
-0.029999999999999805
-0.07000000000000028
-0.10000000000000009
-0.020000000000000018
-0.07000000000000028
-0.06000000000000005
-0.050000000000000266
-0.03999999999999959
-0.10000000000000009
-0.050000000000000266
-0.029999999999999805
-0.06666666666666643
-0.03999999999999959
-0.029999999999999805
-0.050000000000000266
-0.03999999999999959
-0.03999999999999959
-0.046666666666666856
-0.050000000000000266
-0.07000000000000028
-0.03999999999999959
-0.050000000000000266
-0.02666666666666684
-0.07000000000000028
-0.036666666666666625
-0.020000000000000018
-0.10000000000000009
-0.07000000000000028
-0.08000000000000007
-0.07000000000000028
-0.08000000000000007
-0.029999999999999805
-0.029999999999999805
-0.020000000000000018
-0.050000000000000266
-0.020000000000000018
-0.050000000000000266
-0.03999999999999959
-0.020000000000000018
-0.029999999999999805
-0.020000000000000018
0.009999999999999787
-0.029999999999999805
0.020000000000000018
-0.029999999999999805
-0.03999999999999959
-0.03999999999999959
-0.020000000000000018
0.029999999999999805
0.0
0.029999999999999805
-0.029999999999999805
-0.03999999999999959
-0.05666666666666664
-0.02666666666666684
-0.009999999999999787
-0.0066666666666663765
-0.029999999999999805
-0.020000000000000018
-0.06000000000000005
-0.009999999999999787
-0.020000000000000018
-0.029999999999999805
-0.050000000000000266
-0.029999999999999805
-0.07666666666666666
-0.03999999999999959
-0.02666666666666684
-0.020000000000000018
-0.01666666666666705
-0.029999999999999805
-0.03999999999999959
-0.036666666666666625
-0.03999999999999959
-0.050000000000000266
-0.08000000000000007
-0.029999999999999805
-0.07000000000000028
-0.029999999999999805
-0.03999999999999959
-0.020000000000000018
-0.009999999999999787
-0.036666666666666625
-0.0066666666666663765
-0.050000000000000266
-0.01666666666666705
-0.036666666666666625
0.01666666666666705
0.043333333333333446
-0.0066666666666663765
-0.01666666666666705
-0.0066666666666663765
0.01666666666666705
-0.01666666666666705
-0.020000000000000018
-0.0066666666666663765
-0.020000000000000018
0.01666666666666705
0.10000000000000009
-0.0033333333333334103
0.020000000000000018
0.0066666666666663765
-0.01666666666666705
-0.0066666666666663765
0.013333333333333197
0.023333333333333428
-0.020000000000000018
-0.0033333333333334103
0.0066666666666663765
0.08333333333333348
0.043333333333333446
0.08666666666666645
-0.02666666666666684
-0.013333333333333197
0.023333333333333428
-0.029999999999999805
0.0066666666666663765
0.043333333333333446
0.023333333333333428
0.03999999999999959
-0.020000000000000018
-0.029999999999999805
-0.020000000000000018
-0.03999999999999959
-0.029999999999999805
-0.009999999999999787
-0.009999999999999787
-0.03999999999999959
-0.020000000000000018
-0.029999999999999805
-0.029999999999999805
0.009999999999999787
-0.029999999999999805
0.0
-0.029999999999999805
-0.01666666666666705
0.013333333333333197
-0.0066666666666663765
-0.020000000000000018
-0.009999999999999787
-0.029999999999999805
0.0
-0.009999999999999787
-0.020000000000000018
-0.020000000000000018
0.029999999999999805
-0.020000000000000018
0.0033333333333334103
0.0033333333333334103
-0.029999999999999805
0.0
-0.029999999999999805
-0.020000000000000018
-0.020000000000000018
-0.01666666666666705
0.03999999999999959
0.0
-0.0066666666666663765
-0.009999999999999787
-0.009999999999999787
0.01666666666666705
-0.0033333333333334103
-0.029999999999999805
-0.03999999999999959
-0.009999999999999787
-0.01666666666666705
-0.020000000000000018
-0.03999999999999959
-0.02666666666666684
-0.020000000000000018
-0.020000000000000018
-0.01666666666666705
-0.0066666666666663765
0.0033333333333334103
-0.029999999999999805
-0.01666666666666705
-0.050000000000000266
-0.029999999999999805
-0.009999999999999787
-0.009999999999999787
-0.029999999999999805
-0.03999999999999959
-0.009999999999999787
-0.020000000000000018
-0.02666666666666684
-0.020000000000000018
-0.03999999999999959
-0.02666666666666684
-0.03999999999999959
-0.020000000000000018
-0.02666666666666684
-0.029999999999999805
-0.03999999999999959
-0.029999999999999805
-0.02666666666666684
-0.02666666666666684
-0.03999999999999959
-0.03999999999999959
-0.050000000000000266
0.020000000000000018
-0.02666666666666684
-0.020000000000000018
-0.02666666666666684
-0.050000000000000266
-0.03999999999999959
-0.03999999999999959
-0.050000000000000266
-0.01666666666666705
-0.036666666666666625
-0.02666666666666684
-0.050000000000000266
-0.06000000000000005
-0.029999999999999805
-0.03999999999999959
0.009999999999999787
-0.050000000000000266
-0.01666666666666705
-0.050000000000000266
-0.036666666666666625
-0.03999999999999959
-0.03999999999999959
0.0
-0.029999999999999805
-0.029999999999999805
0.009999999999999787
-0.0066666666666663765
-0.029999999999999805
-0.020000000000000018
-0.009999999999999787
-0.05666666666666664
-0.020000000000000018
-0.020000000000000018
-0.029999999999999805
-0.0066666666666663765
-0.009999999999999787
-0.020000000000000018
-0.01666666666666705
-0.046666666666666856
-0.01666666666666705
-0.03999999999999959
-0.01666666666666705
-0.050000000000000266
-0.029999999999999805
-0.0066666666666663765
-0.02666666666666684
-0.01666666666666705
-0.050000000000000266
-0.07666666666666666
-0.08000000000000007
-0.08000000000000007
-0.06666666666666643
-0.10000000000000009
-0.10000000000000009
-0.08000000000000007
-0.05666666666666664
-0.08999999999999986
-0.08000000000000007
-0.06666666666666643
-0.07000000000000028
-0.06666666666666643
-0.03999999999999959
-0.06666666666666643
-0.10000000000000009
-0.10999999999999988
-0.03999999999999959
-0.06000000000000005
-0.07000000000000028
-0.03999999999999959
-0.029999999999999805
-0.05666666666666664
-0.07000000000000028
-0.050000000000000266
-0.050000000000000266
-0.08000000000000007
-0.05666666666666664
-0.08999999999999986
-0.08000000000000007
-0.036666666666666625
-0.06000000000000005
-0.050000000000000266
-0.06000000000000005
-0.06000000000000005
-0.07000000000000028
-0.020000000000000018
-0.050000000000000266
-0.050000000000000266
-0.08000000000000007
-0.036666666666666625
-0.03999999999999959
-0.036666666666666625
-0.06666666666666643
-0.036666666666666625
-0.03999999999999959
-0.050000000000000266
-0.01666666666666705
-0.03999999999999959
-0.01666666666666705
-0.01666666666666705
-0.029999999999999805
-0.03999999999999959
-0.050000000000000266
-0.03999999999999959
-0.029999999999999805
-0.029999999999999805
-0.050000000000000266
-0.03999999999999959
-0.01666666666666705
-0.033333333333333215
-0.02666666666666684
-0.020000000000000018
-0.029999999999999805
-0.020000000000000018
-0.009999999999999787
-0.050000000000000266
-0.03999999999999959
-0.029999999999999805
-0.0066666666666663765
-0.050000000000000266
-0.03999999999999959
-0.050000000000000266
-0.07000000000000028
-0.07000000000000028
-0.029999999999999805
-0.036666666666666625
-0.050000000000000266
-0.020000000000000018
-0.050000000000000266
-0.03999999999999959
-0.06000000000000005
-0.02666666666666684
-0.029999999999999805
-0.050000000000000266
-0.07000000000000028
-0.029999999999999805
-0.029999999999999805
0.0033333333333334103
-0.029999999999999805
-0.06666666666666643
-0.06000000000000005
-0.029999999999999805
-0.01666666666666705
-0.009999999999999787
0.0
-0.050000000000000266
-0.03999999999999959
-0.01666666666666705
-0.009999999999999787
-0.020000000000000018
-0.029999999999999805
0.0
-0.020000000000000018
0.0
-0.020000000000000018
-0.009999999999999787
-0.009999999999999787
0.009999999999999787
-0.03999999999999959
-0.020000000000000018
-0.029999999999999805
-0.029999999999999805
-0.03999999999999959
-0.03999999999999959
-0.029999999999999805
-0.029999999999999805
-0.029999999999999805
-0.03999999999999959
-0.03999999999999959
-0.03999999999999959
-0.009999999999999787
-0.050000000000000266
-0.050000000000000266
-0.07000000000000028
-0.036666666666666625
-0.06000000000000005
-0.05666666666666664
-0.08666666666666645
-0.050000000000000266
-0.050000000000000266
-0.06000000000000005
-0.03999999999999959
-0.07000000000000028
-0.029999999999999805
-0.07000000000000028
-0.06000000000000005
-0.02666666666666684
-0.029999999999999805
-0.020000000000000018
-0.046666666666666856
-0.03999999999999959
-0.050000000000000266
0.009999999999999787
-0.03999999999999959
-0.02666666666666684
0.0
-0.050000000000000266
-0.02666666666666684
-0.02666666666666684
-0.03999999999999959
-0.050000000000000266
-0.050000000000000266
-0.08000000000000007
-0.08666666666666645
-0.08000000000000007
-0.07000000000000028
-0.046666666666666856
-0.036666666666666625
-0.08000000000000007
-0.07000000000000028
-0.06000000000000005
-0.10999999999999988
-0.046666666666666856
-0.046666666666666856
-0.07000000000000028
-0.05666666666666664
-0.05666666666666664
-0.08999999999999986
-0.06000000000000005
-0.050000000000000266
-0.046666666666666856
-0.050000000000000266
-0.029999999999999805
-0.050000000000000266
-0.0066666666666663765
-0.03999999999999959
-0.029999999999999805
-0.029999999999999805
-0.03999999999999959
-0.020000000000000018
0.0
-0.0066666666666663765
-0.009999999999999787
0.0
0.0033333333333334103
-0.020000000000000018
-0.0066666666666663765
-0.029999999999999805
-0.020000000000000018
-0.050000000000000266
-0.009999999999999787
-0.029999999999999805
0.0033333333333334103
-0.009999999999999787
-0.0066666666666663765
-0.0066666666666663765
0.020000000000000018
-0.009999999999999787
0.0033333333333334103
0.013333333333333197
0.0
-0.020000000000000018
0.013333333333333197
0.029999999999999805
-0.009999999999999787
-0.03999999999999959
-0.0066666666666663765
-0.009999999999999787
-0.009999999999999787
-0.020000000000000018
0.0033333333333334103
-0.020000000000000018
-0.03999999999999959
0.029999999999999805
-0.0066666666666663765
0.0
-0.020000000000000018
-0.023333333333333428
-0.009999999999999787
-0.02666666666666684
-0.0066666666666663765
-0.020000000000000018
-0.009999999999999787
-0.03999999999999959
0.020000000000000018
-0.0066666666666663765
-0.03999999999999959
-0.03999999999999959
-0.020000000000000018
-0.03999999999999959
-0.03999999999999959
-0.020000000000000018
0.009999999999999787
-0.020000000000000018
0.0033333333333334103
-0.029999999999999805
-0.029999999999999805
-0.0066666666666663765
0.013333333333333197
-0.020000000000000018
-0.036666666666666625
0.029999999999999805
-0.050000000000000266
-0.01666666666666705
-0.020000000000000018
-0.050000000000000266
-0.050000000000000266
0.013333333333333197
-0.0066666666666663765
-0.020000000000000018
-0.0066666666666663765
-0.0066666666666663765
0.0
-0.029999999999999805
-0.020000000000000018
-0.02666666666666684
-0.036666666666666625
-0.050000000000000266
-0.020000000000000018
-0.050000000000000266
-0.050000000000000266
-0.020000000000000018
-0.06000000000000005
-0.036666666666666625
-0.08000000000000007
-0.02666666666666684
-0.020000000000000018
-0.02666666666666684
-0.02666666666666684
-0.050000000000000266
-0.020000000000000018
-0.03999999999999959
0.0
-0.03999999999999959
-0.029999999999999805
-0.02666666666666684
-0.050000000000000266
-0.050000000000000266
-0.03999999999999959
-0.03999999999999959
-0.02666666666666684
-0.029999999999999805
0.0033333333333334103
-0.029999999999999805
0.0033333333333334103
-0.0066666666666663765
-0.03999999999999959
-0.03999999999999959
-0.03999999999999959
-0.029999999999999805
0.0033333333333334103
-0.020000000000000018
-0.020000000000000018
-0.020000000000000018
0.0
-0.03999999999999959
-0.009999999999999787
-0.029999999999999805
0.009999999999999787
-0.029999999999999805
-0.009999999999999787
-0.0066666666666663765
-0.029999999999999805
-0.0066666666666663765
-0.02666666666666684
0.0033333333333334103
-0.020000000000000018
-0.01666666666666705
0.020000000000000018
0.013333333333333197
0.029999999999999805
-0.020000000000000018
0.0033333333333334103
0.0033333333333334103
-0.029999999999999805
-0.02666666666666684
-0.009999999999999787
-0.020000000000000018
0.013333333333333197
-0.06000000000000005
-0.020000000000000018
0.013333333333333197
-0.020000000000000018
-0.020000000000000018
-0.0066666666666663765
-0.029999999999999805
-0.009999999999999787
-0.020000000000000018
0.020000000000000018
-0.01666666666666705
-0.020000000000000018
0.0
-0.020000000000000018
0.0
-0.03999999999999959
-0.03999999999999959
-0.02666666666666684
-0.036666666666666625
-0.036666666666666625
-0.03999999999999959
-0.046666666666666856
-0.03999999999999959
-0.07000000000000028
-0.08999999999999986
-0.06000000000000005
-0.06666666666666643
-0.06000000000000005
-0.050000000000000266
-0.050000000000000266
-0.050000000000000266
-0.050000000000000266
-0.009999999999999787
-0.036666666666666625
-0.050000000000000266
-0.050000000000000266
-0.029999999999999805
-0.029999999999999805
-0.050000000000000266
-0.03999999999999959
-0.06000000000000005
-0.009999999999999787
-0.046666666666666856
-0.06000000000000005
-0.08999999999999986
0.0
-0.06000000000000005
-0.03999999999999959
-0.029999999999999805
-0.029999999999999805
-0.03999999999999959
-0.029999999999999805
-0.050000000000000266
-0.02666666666666684
-0.020000000000000018
-0.03999999999999959
0.020000000000000018
-0.029999999999999805
0.013333333333333197
-0.009999999999999787
0.013333333333333197
-0.03999999999999959
-0.009999999999999787
0.0033333333333334103
0.0033333333333334103
0.0033333333333334103
0.029999999999999805
-0.009999999999999787
0.0
-0.029999999999999805
-0.020000000000000018
-0.009999999999999787
-0.0066666666666663765
-0.029999999999999805
-0.020000000000000018
-0.020000000000000018
-0.020000000000000018
0.0033333333333334103
-0.009999999999999787
-0.03999999999999959
-0.020000000000000018
-0.009999999999999787
-0.0066666666666663765
-0.0066666666666663765
-0.029999999999999805
-0.02666666666666684
-0.020000000000000018
0.009999999999999787
-0.0066666666666663765
-0.02666666666666684
-0.020000000000000018
-0.029999999999999805
-0.029999999999999805
0.0033333333333334103
0.013333333333333197
0.0
-0.009999999999999787
0.0
-0.009999999999999787
-0.009999999999999787
-0.020000000000000018
-0.050000000000000266
-0.029999999999999805
-0.0066666666666663765
-0.02666666666666684
-0.020000000000000018
-0.029999999999999805
-0.036666666666666625
-0.03999999999999959
-0.01666666666666705
-0.06000000000000005
-0.07000000000000028
-0.08000000000000007
-0.009999999999999787
-0.020000000000000018
-0.06000000000000005
-0.050000000000000266
-0.01666666666666705
-0.036666666666666625
-0.07000000000000028
-0.050000000000000266
-0.029999999999999805
-0.029999999999999805
-0.01666666666666705
-0.07000000000000028
-0.06000000000000005
-0.06000000000000005
-0.03999999999999959
-0.07000000000000028
-0.050000000000000266
-0.03999999999999959
-0.046666666666666856
-0.009999999999999787
-0.020000000000000018
-0.046666666666666856
-0.03999999999999959
-0.01666666666666705
-0.01666666666666705
-0.036666666666666625
-0.08000000000000007
-0.06000000000000005
-0.046666666666666856
-0.07000000000000028
-0.06000000000000005
-0.050000000000000266
-0.10000000000000009
-0.08666666666666645
-0.06666666666666643
-0.07000000000000028
-0.06666666666666643
-0.05666666666666664
-0.050000000000000266
-0.06000000000000005
-0.020000000000000018
-0.07000000000000028
-0.08000000000000007
-0.05666666666666664
-0.036666666666666625
-0.03999999999999959
-0.036666666666666625
-0.050000000000000266
-0.046666666666666856
-0.06000000000000005
-0.03999999999999959
-0.029999999999999805
-0.029999999999999805
-0.05666666666666664
-0.050000000000000266
-0.07000000000000028
-0.050000000000000266
-0.06000000000000005
-0.029999999999999805
-0.03999999999999959
-0.06000000000000005
-0.020000000000000018
-0.020000000000000018
0.020000000000000018
-0.029999999999999805
-0.009999999999999787
-0.009999999999999787
0.0
0.0
-0.03999999999999959
-0.03999999999999959
0.013333333333333197
-0.009999999999999787
-0.036666666666666625
-0.029999999999999805
-0.0066666666666663765
-0.009999999999999787
-0.03999999999999959
-0.020000000000000018
-0.0066666666666663765
-0.020000000000000018
0.0
-0.02666666666666684
0.029999999999999805
0.0
-0.020000000000000018
-0.020000000000000018
-0.029999999999999805
-0.01666666666666705
-0.009999999999999787
-0.050000000000000266
-0.050000000000000266
-0.050000000000000266
-0.029999999999999805
0.009999999999999787
-0.02666666666666684
-0.06000000000000005
-0.036666666666666625
-0.03999999999999959
-0.08999999999999986
-0.03999999999999959
-0.03999999999999959
-0.009999999999999787
-0.03999999999999959
-0.029999999999999805
-0.06000000000000005
-0.02666666666666684
-0.02666666666666684
-0.050000000000000266
-0.020000000000000018
-0.03999999999999959
-0.009999999999999787
-0.03999999999999959
-0.0066666666666663765
-0.02666666666666684
-0.03999999999999959
-0.01666666666666705
-0.020000000000000018
-0.020000000000000018
-0.029999999999999805
-0.009999999999999787
-0.01666666666666705
-0.029999999999999805
-0.009999999999999787
-0.020000000000000018
-0.050000000000000266
-0.029999999999999805
-0.029999999999999805
-0.009999999999999787
-0.020000000000000018
-0.029999999999999805
-0.020000000000000018
-0.0066666666666663765
-0.02666666666666684
-0.02666666666666684
-0.036666666666666625
-0.06000000000000005
-0.029999999999999805
-0.009999999999999787
-0.02666666666666684
-0.050000000000000266
-0.03999999999999959
0.0
-0.050000000000000266
-0.02666666666666684
-0.029999999999999805
-0.029999999999999805
-0.050000000000000266
-0.02666666666666684
-0.050000000000000266
-0.07000000000000028
-0.050000000000000266
-0.020000000000000018
-0.0066666666666663765
-0.03999999999999959
-0.029999999999999805
0.009999999999999787
0.020000000000000018
-0.009999999999999787
-0.029999999999999805
0.0
-0.01666666666666705
0.029999999999999805
-0.0066666666666663765
-0.029999999999999805
0.029999999999999805
0.0
-0.03999999999999959
-0.02666666666666684
-0.009999999999999787
0.0
-0.01666666666666705
0.0
-0.020000000000000018
-0.0066666666666663765
-0.009999999999999787
-0.029999999999999805
0.029999999999999805
-0.029999999999999805
-0.020000000000000018
-0.01666666666666705
0.0
-0.0066666666666663765
0.0033333333333334103
-0.009999999999999787
-0.0066666666666663765
-0.03999999999999959
0.0
-0.050000000000000266
-0.03999999999999959
-0.036666666666666625
-0.050000000000000266
0.0033333333333334103
-0.020000000000000018
-0.0066666666666663765
-0.0066666666666663765
-0.020000000000000018
-0.0066666666666663765
-0.020000000000000018
-0.009999999999999787
-0.0066666666666663765
-0.0066666666666663765
-0.020000000000000018
-0.046666666666666856
0.0
0.0033333333333334103
-0.009999999999999787
-0.020000000000000018
-0.009999999999999787
-0.03999999999999959
-0.009999999999999787
-0.020000000000000018
-0.020000000000000018
0.0033333333333334103
-0.029999999999999805
-0.03999999999999959
-0.009999999999999787
-0.0066666666666663765
-0.050000000000000266
-0.029999999999999805
-0.050000000000000266
-0.020000000000000018
-0.029999999999999805
-0.029999999999999805
-0.0066666666666663765
-0.020000000000000018
-0.009999999999999787
-0.03999999999999959
-0.03999999999999959
-0.009999999999999787
-0.009999999999999787
-0.020000000000000018
0.013333333333333197
0.013333333333333197
0.020000000000000018
-0.029999999999999805
0.0
0.013333333333333197
-0.020000000000000018
-0.009999999999999787
-0.020000000000000018
-0.029999999999999805
-0.029999999999999805
-0.0066666666666663765
-0.020000000000000018
0.0033333333333334103
-0.029999999999999805
-0.050000000000000266
-0.029999999999999805
-0.02666666666666684
-0.02666666666666684
-0.050000000000000266
-0.06000000000000005
-0.050000000000000266
-0.08000000000000007
-0.08000000000000007
-0.06000000000000005
-0.036666666666666625
-0.08000000000000007
-0.029999999999999805
-0.050000000000000266
-0.02666666666666684
-0.07000000000000028
-0.029999999999999805
0.0
-0.050000000000000266
-0.046666666666666856
-0.050000000000000266
-0.050000000000000266
-0.03999999999999959
-0.03999999999999959
-0.01666666666666705
-0.036666666666666625
-0.01666666666666705
-0.01666666666666705
0.0
-0.020000000000000018
-0.07000000000000028
-0.03999999999999959
-0.03999999999999959
-0.02666666666666684
-0.029999999999999805
-0.07000000000000028
-0.07000000000000028
-0.036666666666666625
-0.050000000000000266
-0.06000000000000005
-0.05666666666666664
-0.02666666666666684
-0.029999999999999805
-0.03999999999999959
-0.020000000000000018
0.0
-0.009999999999999787
-0.029999999999999805
-0.03999999999999959
-0.036666666666666625
-0.01666666666666705
-0.050000000000000266
-0.009999999999999787
-0.036666666666666625
-0.029999999999999805
-0.009999999999999787
-0.009999999999999787
-0.03999999999999959
-0.029999999999999805
-0.02666666666666684
-0.020000000000000018
-0.009999999999999787
0.0033333333333334103
-0.03999999999999959
-0.009999999999999787
-0.020000000000000018
-0.009999999999999787
-0.0066666666666663765
-0.046666666666666856
-0.020000000000000018
-0.029999999999999805
-0.03999999999999959
-0.009999999999999787
-0.020000000000000018
-0.009999999999999787
-0.036666666666666625
-0.050000000000000266
-0.02666666666666684
-0.03999999999999959
-0.06000000000000005
-0.08000000000000007
-0.050000000000000266
-0.06000000000000005
-0.03999999999999959
-0.020000000000000018
-0.01666666666666705
-0.009999999999999787
-0.01666666666666705
-0.0066666666666663765
-0.009999999999999787
-0.029999999999999805
0.0
0.013333333333333197
-0.020000000000000018
0.0033333333333334103
-0.009999999999999787
-0.009999999999999787
-0.0066666666666663765
-0.01666666666666705
-0.02666666666666684
-0.050000000000000266
-0.0066666666666663765
-0.020000000000000018
-0.01666666666666705
-0.020000000000000018
-0.029999999999999805
0.009999999999999787
-0.0066666666666663765
-0.009999999999999787
0.009999999999999787
-0.06000000000000005
-0.02666666666666684
-0.020000000000000018
-0.009999999999999787
-0.01666666666666705
-0.009999999999999787
-0.02666666666666684
-0.029999999999999805
-0.029999999999999805
-0.029999999999999805
-0.029999999999999805
-0.03999999999999959
-0.01666666666666705
-0.02666666666666684
-0.029999999999999805
0.0
-0.009999999999999787
-0.020000000000000018
-0.020000000000000018
0.009999999999999787
-0.009999999999999787
0.0033333333333334103
-0.029999999999999805
-0.036666666666666625
-0.020000000000000018
-0.020000000000000018
-0.029999999999999805
-0.03999999999999959
-0.050000000000000266
-0.03999999999999959
-0.050000000000000266
-0.029999999999999805
-0.029999999999999805
0.0
-0.029999999999999805
-0.020000000000000018
0.0033333333333334103
0.009999999999999787
0.0033333333333334103
-0.009999999999999787
-0.050000000000000266
-0.029999999999999805
-0.020000000000000018
-0.10999999999999988
-0.03999999999999959
-0.050000000000000266
-0.03999999999999959
-0.07000000000000028
-0.036666666666666625
-0.03999999999999959
-0.03999999999999959
-0.07000000000000028
-0.009999999999999787
-0.020000000000000018
-0.020000000000000018
-0.03999999999999959
-0.07000000000000028
-0.020000000000000018
-0.050000000000000266
-0.036666666666666625
-0.050000000000000266
-0.046666666666666856
-0.03999999999999959
-0.036666666666666625
-0.07000000000000028
-0.02666666666666684
-0.08000000000000007
-0.03999999999999959
-0.046666666666666856
0.020000000000000018
-0.01666666666666705
-0.029999999999999805
-0.03999999999999959
-0.029999999999999805
-0.0066666666666663765
-0.03999999999999959
-0.029999999999999805
-0.0066666666666663765
-0.0066666666666663765
-0.02666666666666684
-0.036666666666666625
-0.020000000000000018
-0.01666666666666705
0.0033333333333334103
-0.01666666666666705
-0.050000000000000266
0.0
-0.009999999999999787
0.0033333333333334103
-0.009999999999999787
-0.020000000000000018
-0.020000000000000018
0.0033333333333334103
-0.01666666666666705
-0.009999999999999787
-0.0066666666666663765
-0.03999999999999959
0.013333333333333197
-0.029999999999999805
-0.029999999999999805
-0.020000000000000018
-0.020000000000000018
0.0033333333333334103
-0.020000000000000018
-0.0066666666666663765
-0.009999999999999787
-0.020000000000000018
-0.029999999999999805
-0.009999999999999787
-0.009999999999999787
-0.020000000000000018
0.0033333333333334103
-0.009999999999999787
-0.020000000000000018
-0.029999999999999805
-0.01666666666666705
-0.020000000000000018
-0.029999999999999805
-0.01666666666666705
-0.03999999999999959
-0.020000000000000018
-0.0066666666666663765
-0.01666666666666705
-0.020000000000000018
0.009999999999999787
-0.029999999999999805
-0.036666666666666625
-0.020000000000000018
-0.050000000000000266
-0.046666666666666856
-0.01666666666666705
-0.03999999999999959
-0.029999999999999805
-0.029999999999999805
-0.03999999999999959
-0.036666666666666625
0.009999999999999787
-0.01666666666666705
-0.02666666666666684
-0.020000000000000018
-0.029999999999999805
-0.06000000000000005
-0.050000000000000266
-0.08666666666666645
-0.02666666666666684
-0.050000000000000266
-0.03999999999999959
-0.06000000000000005
-0.029999999999999805
-0.036666666666666625
-0.029999999999999805
-0.06000000000000005
-0.01666666666666705
-0.020000000000000018
-0.020000000000000018
-0.03999999999999959
0.020000000000000018
-0.009999999999999787
-0.050000000000000266
0.0
-0.0066666666666663765
-0.009999999999999787
-0.009999999999999787
-0.020000000000000018
-0.020000000000000018
-0.009999999999999787
-0.020000000000000018
-0.009999999999999787
-0.009999999999999787
-0.009999999999999787
-0.029999999999999805
-0.009999999999999787
-0.009999999999999787
-0.02666666666666684
-0.029999999999999805
-0.036666666666666625
-0.050000000000000266
-0.01666666666666705
-0.050000000000000266
-0.02666666666666684
-0.050000000000000266
-0.050000000000000266
-0.08000000000000007
-0.06000000000000005
-0.07000000000000028
-0.07000000000000028
-0.06666666666666643
-0.07666666666666666
-0.10000000000000009
-0.10000000000000009
-0.08999999999999986
-0.06666666666666643
-0.07000000000000028
-0.10999999999999988
-0.07000000000000028
-0.06666666666666643
-0.07000000000000028
-0.08000000000000007
-0.029999999999999805
-0.046666666666666856
-0.10666666666666691
-0.06000000000000005
-0.02666666666666684
0.009999999999999787
-0.06000000000000005
-0.020000000000000018
-0.020000000000000018
-0.020000000000000018
0.0033333333333334103
-0.0066666666666663765
-0.01666666666666705
-0.020000000000000018
0.020000000000000018
-0.020000000000000018
-0.0066666666666663765
-0.020000000000000018
-0.009999999999999787
-0.020000000000000018
-0.020000000000000018
0.0033333333333334103
-0.009999999999999787
-0.02666666666666684
-0.020000000000000018
-0.01666666666666705
-0.0066666666666663765
-0.029999999999999805
-0.03999999999999959
-0.020000000000000018
-0.050000000000000266
-0.06000000000000005
-0.029999999999999805
-0.036666666666666625
-0.02666666666666684
-0.0066666666666663765
-0.029999999999999805
0.029999999999999805
-0.03999999999999959
-0.020000000000000018
-0.029999999999999805
-0.06000000000000005
-0.01666666666666705
-0.0066666666666663765
-0.009999999999999787
-0.020000000000000018
-0.01666666666666705
0.029999999999999805
-0.020000000000000018
-0.046666666666666856
-0.03999999999999959
-0.009999999999999787
0.0033333333333334103
-0.02666666666666684
-0.03999999999999959
0.009999999999999787
-0.029999999999999805
-0.02666666666666684
0.029999999999999805
-0.03999999999999959
-0.01666666666666705
-0.03999999999999959
-0.009999999999999787
-0.020000000000000018
0.0033333333333334103
-0.01666666666666705
-0.03999999999999959
-0.03999999999999959
-0.050000000000000266
-0.036666666666666625
-0.009999999999999787
-0.06000000000000005
-0.036666666666666625
-0.07000000000000028
-0.020000000000000018
-0.07000000000000028
-0.06000000000000005
-0.06000000000000005
-0.050000000000000266
-0.07666666666666666
-0.06666666666666643
-0.07666666666666666
-0.08999999999999986
-0.06666666666666643
-0.08999999999999986
-0.08000000000000007
-0.06000000000000005
-0.07000000000000028
-0.08999999999999986
-0.07666666666666666
-0.08000000000000007
-0.10000000000000009
-0.050000000000000266
-0.009999999999999787
-0.06000000000000005
-0.06000000000000005
-0.06000000000000005
-0.07000000000000028
-0.07000000000000028
-0.07000000000000028
-0.06666666666666643
-0.03999999999999959
-0.10000000000000009
-0.07666666666666666
-0.07000000000000028
-0.050000000000000266
-0.10999999999999988
-0.10000000000000009
-0.07000000000000028
-0.06000000000000005
-0.046666666666666856
-0.06000000000000005
0.0
-0.02666666666666684
-0.02666666666666684
-0.029999999999999805
-0.03999999999999959
-0.029999999999999805
-0.01666666666666705
-0.01666666666666705
-0.029999999999999805
-0.03999999999999959
-0.009999999999999787
-0.020000000000000018
0.0033333333333334103
-0.03999999999999959
-0.009999999999999787
-0.009999999999999787
-0.009999999999999787
-0.020000000000000018
0.0033333333333334103
-0.029999999999999805
-0.020000000000000018
-0.009999999999999787
-0.009999999999999787
-0.029999999999999805
-0.009999999999999787
-0.020000000000000018
-0.009999999999999787
-0.029999999999999805
-0.029999999999999805
-0.02666666666666684
-0.029999999999999805
-0.020000000000000018
0.013333333333333197
-0.029999999999999805
0.0033333333333334103
-0.03999999999999959
-0.020000000000000018
-0.009999999999999787
-0.009999999999999787
-0.009999999999999787
-0.009999999999999787
-0.020000000000000018
-0.029999999999999805
-0.0066666666666663765
-0.020000000000000018
-0.0066666666666663765
-0.03999999999999959
-0.0066666666666663765
0.029999999999999805
-0.01666666666666705
-0.020000000000000018
0.0
-0.020000000000000018
0.0033333333333334103
-0.009999999999999787
-0.020000000000000018
-0.009999999999999787
0.013333333333333197
-0.009999999999999787
-0.02666666666666684
-0.020000000000000018
-0.0066666666666663765
-0.020000000000000018
-0.0066666666666663765
-0.0066666666666663765
-0.029999999999999805
-0.03999999999999959
-0.03999999999999959
-0.01666666666666705
-0.050000000000000266
-0.050000000000000266
-0.03999999999999959
-0.050000000000000266
-0.02666666666666684
-0.03999999999999959
-0.03999999999999959
-0.029999999999999805
-0.036666666666666625
-0.050000000000000266
-0.03999999999999959
-0.020000000000000018
0.029999999999999805
0.013333333333333197
-0.03999999999999959
-0.03999999999999959
-0.01666666666666705
-0.020000000000000018
-0.03999999999999959
-0.009999999999999787
-0.0066666666666663765
-0.020000000000000018
-0.029999999999999805
-0.020000000000000018
-0.020000000000000018
0.013333333333333197
-0.009999999999999787
0.0033333333333334103
-0.02666666666666684
-0.029999999999999805
-0.03999999999999959
-0.029999999999999805
-0.009999999999999787
-0.020000000000000018
-0.029999999999999805
-0.029999999999999805
-0.020000000000000018
0.0
-0.020000000000000018
0.0
-0.01666666666666705
-0.009999999999999787
-0.009999999999999787
-0.01666666666666705
0.029999999999999805
0.0
0.029999999999999805
-0.009999999999999787
0.0
0.0
0.029999999999999805
-0.009999999999999787
-0.009999999999999787
-0.01666666666666705
0.0033333333333334103
-0.020000000000000018
-0.02666666666666684
-0.050000000000000266
-0.01666666666666705
-0.029999999999999805
0.0
0.0033333333333334103
-0.009999999999999787
-0.020000000000000018
-0.009999999999999787
0.0
0.029999999999999805
0.0
-0.03999999999999959
-0.0066666666666663765
0.0033333333333334103
-0.020000000000000018
-0.009999999999999787
-0.029999999999999805
0.0033333333333334103
0.013333333333333197
-0.009999999999999787
0.0
-0.029999999999999805
0.0033333333333334103
-0.009999999999999787
-0.0066666666666663765
-0.020000000000000018
0.0033333333333334103
-0.009999999999999787
-0.009999999999999787
-0.020000000000000018
0.013333333333333197
0.0033333333333334103
-0.020000000000000018
0.020000000000000018
-0.029999999999999805
-0.020000000000000018
-0.020000000000000018
-0.020000000000000018
-0.029999999999999805
-0.029999999999999805
-0.029999999999999805
0.013333333333333197
-0.009999999999999787
0.0033333333333334103
-0.020000000000000018
-0.009999999999999787
-0.0066666666666663765
0.0
-0.029999999999999805
0.0
-0.029999999999999805
-0.020000000000000018
-0.020000000000000018
-0.009999999999999787
-0.050000000000000266
-0.0066666666666663765
-0.009999999999999787
-0.0066666666666663765
-0.020000000000000018
-0.03999999999999959
-0.029999999999999805
-0.03999999999999959
-0.0066666666666663765
-0.029999999999999805
0.020000000000000018
-0.050000000000000266
-0.08000000000000007
-0.036666666666666625
-0.07000000000000028
-0.07000000000000028
-0.046666666666666856
-0.08666666666666645
-0.08999999999999986
-0.07000000000000028
-0.03999999999999959
-0.07000000000000028
-0.10000000000000009
-0.08999999999999986
-0.11999999999999966
-0.10000000000000009
-0.10999999999999988
-0.10000000000000009
-0.10999999999999988
-0.10999999999999988
-0.11999999999999966
-0.10666666666666691
-0.10000000000000009
-0.08666666666666645
-0.10999999999999988
-0.08999999999999986
-0.10999999999999988
-0.11999999999999966
-0.06000000000000005
-0.050000000000000266
-0.08000000000000007
-0.09666666666666623
-0.050000000000000266
-0.029999999999999805
-0.050000000000000266
-0.02666666666666684
-0.06666666666666643
-0.05666666666666664
-0.050000000000000266
-0.01666666666666705
-0.01666666666666705
-0.029999999999999805
-0.050000000000000266
-0.020000000000000018
0.0033333333333334103
-0.020000000000000018
-0.03999999999999959
-0.020000000000000018
-0.020000000000000018
-0.020000000000000018
-0.020000000000000018
0.0
0.020000000000000018
-0.020000000000000018
-0.0066666666666663765
-0.029999999999999805
-0.0066666666666663765
-0.020000000000000018
-0.009999999999999787
0.013333333333333197
0.013333333333333197
0.013333333333333197
-0.020000000000000018
0.0033333333333334103
0.0
-0.029999999999999805
-0.01666666666666705
-0.009999999999999787
-0.009999999999999787
-0.02666666666666684
0.0
0.0033333333333334103
-0.020000000000000018
-0.009999999999999787
0.0033333333333334103
-0.029999999999999805
-0.029999999999999805
-0.009999999999999787
-0.0066666666666663765
-0.009999999999999787
-0.050000000000000266
-0.036666666666666625
-0.050000000000000266
-0.020000000000000018
-0.02666666666666684
-0.029999999999999805
-0.020000000000000018
-0.009999999999999787
0.013333333333333197
0.029999999999999805
-0.020000000000000018
-0.020000000000000018
-0.020000000000000018
0.0033333333333334103
-0.01666666666666705
-0.01666666666666705
-0.029999999999999805
-0.009999999999999787
-0.009999999999999787
-0.029999999999999805
-0.009999999999999787
0.013333333333333197
-0.020000000000000018
-0.009999999999999787
-0.020000000000000018
-0.009999999999999787
0.03999999999999959
0.013333333333333197
-0.020000000000000018
-0.009999999999999787
-0.029999999999999805
-0.009999999999999787
0.0
-0.009999999999999787
-0.020000000000000018
-0.050000000000000266
-0.020000000000000018
-0.03999999999999959
-0.0066666666666663765
-0.009999999999999787
-0.009999999999999787
0.0033333333333334103
-0.009999999999999787
-0.009999999999999787
-0.029999999999999805
-0.029999999999999805
0.029999999999999805
0.020000000000000018
-0.029999999999999805
-0.02666666666666684
0.0033333333333334103
-0.009999999999999787
-0.029999999999999805
-0.0066666666666663765
-0.01666666666666705
0.0033333333333334103
-0.01666666666666705
-0.020000000000000018
-0.02666666666666684
-0.07000000000000028
-0.029999999999999805
-0.03999999999999959
-0.046666666666666856
-0.050000000000000266
-0.050000000000000266
-0.07000000000000028
-0.050000000000000266
-0.10999999999999988
-0.1166666666666667
-0.10000000000000009
-0.06666666666666643
-0.09666666666666623
-0.05666666666666664
-0.08000000000000007
-0.08999999999999986
-0.11999999999999966
-0.08999999999999986
-0.07000000000000028
-0.07000000000000028
-0.02666666666666684
-0.036666666666666625
-0.05666666666666664
-0.050000000000000266
-0.01666666666666705
-0.02666666666666684
-0.03999999999999959
-0.020000000000000018
-0.029999999999999805
-0.01666666666666705
