-0.1333333333333333
0.13000000000000034
-0.023333333333333428
0.2366666666666668
0.2100000000000004
0.2866666666666666
-0.08333333333333348
0.17333333333333334
-0.029999999999999805
-0.013333333333333197
-0.046666666666666856
0.21666666666666679
-0.036666666666666625
0.046666666666666856
-0.15666666666666673
0.12333333333333307
0.1166666666666667
0.22999999999999998
0.19333333333333336
0.27333333333333343
0.2533333333333334
0.34666666666666623
0.09666666666666623
0.2400000000000002
0.38000000000000034
0.3599999999999999
0.046666666666666856
0.12666666666666693
0.686666666666667
0.3900000000000001
0.30333333333333323
0.5333333333333332
-0.046666666666666856
0.6333333333333333
0.3900000000000001
0.5333333333333332
0.4299999999999997
0.7200000000000002
0.5800000000000001
0.06000000000000005
0.30000000000000027
0.5399999999999996
0.7366666666666668
0.7933333333333334
0.046666666666666856
0.3333333333333335
0.22333333333333316
0.036666666666666625
0.40333333333333377
0.6000000000000001
0.7599999999999998
0.7733333333333334
0.9666666666666668
1.0233333333333334
0.8633333333333333
0.6766666666666663
0.08999999999999986
0.2100000000000004
0.16333333333333355
0.08999999999999986
0.19999999999999973
0.41999999999999993
0.983333333333333
0.5899999999999999
0.21666666666666679
-0.009999999999999787
0.33666666666666645
0.6266666666666669
0.17999999999999972
0.733333333333333
0.013333333333333197
0.8233333333333337
0.3566666666666669
0.45666666666666655
-0.27666666666666684
0.5533333333333332
0.8433333333333333
1.333333333333333
1.373333333333333
1.0466666666666669
1.5933333333333328
1.3933333333333335
1.003333333333333
1.6133333333333333
1.6000000000000005
1.7233333333333336
1.746666666666667
1.7700000000000005
1.833333333333333
0.4933333333333336
1.5166666666666666
0.3933333333333331
0.40666666666666673
0.43333333333333357
0.07666666666666666
0.3533333333333335
-0.4633333333333334
-0.6266666666666665
-0.22999999999999998
-0.1033333333333335
1.42
-0.06000000000000005
0.19999999999999973
0.41333333333333355
0.45333333333333314
-0.45666666666666655
-0.4966666666666666
-0.5033333333333334
-0.2599999999999998
-0.16000000000000014
-0.3466666666666667
-0.029999999999999805
0.7599999999999998
0.4966666666666666
0.1166666666666667
0.3599999999999999
0.23333333333333295
0.6633333333333336
0.5233333333333334
-0.41333333333333355
-0.45666666666666655
0.45333333333333314
0.6366666666666667
0.6199999999999997
0.25
1.1799999999999997
0.9600000000000004
0.98
1.2800000000000002
0.09333333333333327
0.15333333333333377
1.0166666666666666
0.029999999999999805
-0.22999999999999998
-0.3833333333333333
0.47333333333333316
-0.81
-0.6699999999999999
-0.44333333333333336
0.5833333333333335
0.7166666666666668
-0.5266666666666668
-0.41333333333333355
-0.39666666666666694
-0.2599999999999998
-0.013333333333333197
0.7766666666666668
0.7066666666666666
0.07000000000000028
-0.18333333333333357
-0.31666666666666643
-0.0733333333333337
0.7566666666666664
-0.19999999999999973
-0.3833333333333333
-0.2599999999999998
1.2833333333333332
1.4533333333333331
0.046666666666666856
-0.5866666666666664
-0.09666666666666623
0.2633333333333332
0.2466666666666666
-0.3700000000000001
0.936666666666667
0.7933333333333334
2.16
1.6466666666666665
1.9100000000000001
1.7800000000000002
1.92
1.8500000000000005
1.7400000000000002
0.16999999999999993
1.9066666666666672
1.7133333333333338
1.6533333333333333
1.2633333333333328
-0.33000000000000007
0.06000000000000005
1.9366666666666665
1.6966666666666663
1.37
-0.4633333333333334
-0.16333333333333355
1.4866666666666672
1.4266666666666667
1.7299999999999995
1.5966666666666667
-0.1166666666666667
0.8933333333333331
1.0266666666666664
1.1933333333333334
1.2033333333333331
2.9333333333333336
2.833333333333333
1.0899999999999999
2.966666666666666
2.96
2.9066666666666663
2.9733333333333336
1.173333333333333
1.12
1.1366666666666667
1.3066666666666666
3.3066666666666675
3.37
3.3433333333333337
3.3999999999999995
3.38
3.453333333333333
3.4800000000000004
3.5166666666666666
1.6033333333333335
1.6799999999999997
3.536666666666666
2.126666666666667
2.203333333333333
2.1499999999999995
2.0200000000000005
0.020000000000000018
0.20333333333333314
1.7433333333333332
1.7833333333333332
1.753333333333333
1.1499999999999995
1.916666666666667
2.043333333333334
2.08
2.296666666666667
2.093333333333333
-0.13666666666666671
-0.08999999999999986
2.1900000000000004
2.2700000000000005
2.29
2.09
3.5733333333333333
3.6799999999999997
2.496666666666666
0.33999999999999986
0.48
0.33000000000000007
1.2766666666666664
1.293333333333334
0.43333333333333357
0.43333333333333357
2.6000000000000005
0.6166666666666667
0.8333333333333335
0.8833333333333333
-1.0166666666666666
-1.0333333333333332
0.516666666666667
1.8833333333333337
2.0
1.9833333333333334
1.8999999999999995
1.7999999999999998
0.5
1.8500000000000005
-1.0
1.0499999999999998
0.44999999999999973
0.5
0.6000000000000001
-1.0
1.0
1.2000000000000002
2.6499999999999995
2.8
1.5499999999999998
1.6499999999999995
1.7999999999999998
1.8500000000000005
2.8999999999999995
2.8999999999999995
0.75
0.75
0.8500000000000001
0.75
0.8500000000000001
0.8500000000000001
1.0499999999999998
0.8999999999999999
1.1000000000000005
1.0499999999999998
1.0499999999999998
1.0499999999999998
1.0499999999999998
1.0
1.1000000000000005
1.1499999999999995
1.25
1.2999999999999998
1.5499999999999998
1.7000000000000002
0.44999999999999973
-0.9499999999999997
-0.9499999999999997
-0.9499999999999997
-0.5866666666666664
-0.4966666666666666
-0.7166666666666668
-0.6233333333333335
-0.6266666666666665
-0.48999999999999977
-0.3733333333333335
0.32666666666666666
0.3966666666666665
1.003333333333333
0.8266666666666667
-0.06000000000000005
0.25
0.2366666666666668
0.0066666666666663765
0.10666666666666691
0.0
-0.013333333333333197
-0.06333333333333302
-0.06000000000000005
-0.023333333333333428
1.0933333333333328
0.8000000000000003
0.8900000000000001
0.7166666666666668
0.8300000000000001
1.0933333333333328
2.366666666666667
1.746666666666667
0.2366666666666668
1.7633333333333328
1.6566666666666672
1.6499999999999995
1.5966666666666667
1.4933333333333332
1.7366666666666672
-0.12333333333333307
1.5233333333333334
1.246666666666667
1.206666666666666
0.983333333333333
0.06333333333333302
-0.8999999999999999
-0.8166666666666669
-0.7333333333333334
-0.8933333333333331
-0.8933333333333331
0.44333333333333336
0.3999999999999999
0.2799999999999998
0.7866666666666666
2.3966666666666674
2.3233333333333333
2.3
0.8466666666666662
0.73
3.38
0.8900000000000001
-0.8366666666666664
-0.8399999999999999
0.6699999999999999
-0.7166666666666668
0.30333333333333323
0.34666666666666623
1.706666666666666
0.516666666666667
0.4299999999999997
0.5766666666666667
-0.7666666666666666
0.27333333333333343
0.3866666666666667
-0.79
0.3766666666666669
0.41333333333333355
2.0733333333333333
2.123333333333333
3.1866666666666665
3.1366666666666667
1.913333333333333
1.9866666666666672
3.076666666666667
3.036666666666666
0.3733333333333331
1.4066666666666672
1.4733333333333336
1.5966666666666667
1.623333333333333
-0.8033333333333332
-0.8300000000000001
0.4299999999999997
0.4866666666666668
0.5566666666666666
0.5533333333333332
0.3533333333333335
0.4933333333333336
0.6966666666666668
0.27
0.3966666666666665
-0.7766666666666668
-0.5466666666666664
0.516666666666667
0.050000000000000266
0.44999999999999973
0.5366666666666666
1.166666666666667
1.2033333333333331
0.8033333333333332
0.2799999999999998
0.5666666666666664
1.3433333333333328
0.9766666666666666
0.8333333333333335
1.58
0.8900000000000001
1.0466666666666669
0.12666666666666693
1.3466666666666667
0.22333333333333316
0.21333333333333337
-0.27666666666666684
-0.06333333333333302
-0.30000000000000027
0.3733333333333331
0.20666666666666655
0.4633333333333334
1.2833333333333332
0.9066666666666667
1.746666666666667
0.48333333333333295
0.3866666666666667
1.7999999999999998
1.58
1.0666666666666664
0.9433333333333334
1.586666666666667
1.4366666666666665
0.94
1.46
1.37
1.2599999999999998
1.79
0.8966666666666665
0.8200000000000003
1.63
2.493333333333333
1.5133333333333328
1.08
1.1766666666666667
0.08333333333333348
0.08999999999999986
-0.0033333333333334103
2.3999999999999995
0.6766666666666663
1.626666666666667
1.7833333333333332
1.8399999999999999
-0.029999999999999805
-0.07000000000000028
0.8666666666666667
1.04
1.1966666666666663
2.533333333333334
2.506666666666667
2.453333333333333
2.506666666666667
1.2233333333333336
2.506666666666667
2.4266666666666667
2.0599999999999996
0.06333333333333302
-0.009999999999999787
-0.036666666666666625
0.1433333333333331
0.30333333333333323
-0.17999999999999972
0.08666666666666645
0.5466666666666669
1.1466666666666665
1.2299999999999995
1.376666666666667
2.3999999999999995
0.8300000000000001
2.2666666666666666
1.8866666666666667
1.5066666666666668
1.5066666666666668
1.5
1.6133333333333333
1.663333333333333
2.1333333333333337
2.16
2.1333333333333337
2.2666666666666666
2.08
2.2666666666666666
0.8866666666666667
0.6633333333333336
1.5599999999999996
0.6366666666666667
1.206666666666666
0.8200000000000003
0.6499999999999999
0.4600000000000004
0.16000000000000014
0.08999999999999986
1.0300000000000002
0.8999999999999999
1.25
-0.009999999999999787
0.5700000000000003
0.16999999999999993
-0.3799999999999999
0.22999999999999998
0.31000000000000005
0.2200000000000002
0.2899999999999996
0.6099999999999999
1.6000000000000005
1.6399999999999997
1.9400000000000004
2.01
2.2800000000000002
0.6999999999999997
2.3900000000000006
2.46
1.33
1.3200000000000003
-0.6999999999999997
-0.6999999999999997
-0.6699999999999999
-0.6499999999999999
0.5099999999999998
0.25
2.01
2.21
2.3200000000000003
2.6400000000000006
0.5
0.30000000000000027
0.5800000000000001
0.6799999999999997
0.2400000000000002
1.4299999999999997
1.4299999999999997
1.25
1.42
1.3200000000000003
1.4100000000000001
1.46
1.5
1.7000000000000002
1.8200000000000003
1.9900000000000002
2.13
2.5199999999999996
-0.8300000000000001
-0.8599999999999999
-0.8599999999999999
-0.8799999999999999
-0.8799999999999999
-0.8900000000000001
-0.8900000000000001
-0.8900000000000001
-0.8599999999999999
-0.8500000000000001
-0.8599999999999999
2.2
3.3900000000000006
3.420000000000001
0.2899999999999996
0.44999999999999973
0.33999999999999986
0.4700000000000002
0.52
0.6699999999999999
-0.94
-0.9499999999999997
1.7199999999999998
-0.9300000000000002
1.7800000000000002
1.9900000000000002
1.8899999999999997
-0.9700000000000002
-0.9499999999999997
-0.96
2.1399999999999997
1.9900000000000002
2.1399999999999997
2.29
2.34
2.2299999999999995
2.2800000000000002
-0.9499999999999997
-0.94
-0.16000000000000014
3.1799999999999997
3.1799999999999997
3.88
3.329999999999999
3.37
0.0
0.0
0.0
0.0
0.0
0.0
0.0
0.0
0.0
0.0
0.0
0.0
0.0
0.0
0.0
0.0
0.0
0.0
0.0
0.0
0.0
0.0
0.0
0.0
0.0
0.0
0.0
0.0
0.0
0.0
0.0
0.0
0.0
0.0
0.0
0.0
0.0
0.0
0.0
0.0
0.0
0.0
0.0
0.0
0.0
0.0
0.0
0.0
0.0
0.0
0.0
0.0
0.0
0.0
0.0
0.0
0.0
0.0
0.0
0.0
0.0
0.0
0.0
0.0
0.0
0.0
0.0
0.0
0.0
0.0
0.0
0.0
0.0
0.0
0.0
0.0
0.0
0.0
0.0
0.0
0.0
0.0
0.0
0.0
0.0
0.0
0.0
0.0
0.0
0.0
0.0
0.0
0.0
0.0
0.0
0.0
0.0
0.0
0.0
0.0
0.0
0.0
0.0
0.0
0.0
0.0
0.0
0.0
0.0
0.0
0.0
0.0
0.0
0.0
0.0
0.0
0.0
0.0
0.0
0.0
0.0
0.0
0.0
0.0
0.0
0.0
0.0
0.0
0.0
0.0
0.0
0.0
0.0
0.0
0.0
0.0
0.0
0.0
0.0
0.0
0.0
0.0
0.0
0.0
0.0
0.0
0.0
0.0
0.0
0.0
0.0
0.0
0.0
0.0
0.0
0.0
0.0
0.0
0.0
0.0
0.0
0.0
0.0
0.0
0.0
0.0
0.0
0.0
0.0
0.0
0.0
0.0
0.0
0.0
0.0
0.0
0.0
0.0
0.0
0.0
0.0
0.0
0.0
0.0
0.0
0.0
0.0
0.0
0.0
0.0
0.0
0.0
0.0
0.0
0.0
0.0
0.0
0.0
0.0
0.0
0.0
0.0
0.0
0.0
0.0
0.0
0.0
0.0
0.0
0.0
0.0
0.0
0.0
0.0
0.0
0.0
0.0
0.0
0.0
0.0
0.0
0.0
0.0
0.0
0.0
0.0
0.0
0.0
0.0
0.0
0.0
0.0
0.0
0.0
0.0
0.0
0.0
0.0
0.0
0.0
0.0
0.0
0.0
0.0
0.0
0.0
0.0
0.0
0.0
0.0
0.0
0.0
0.0
0.0
0.0
0.0
0.0
0.0
0.0
0.0
0.0
0.0
0.0
0.0
0.0
0.0
0.0
0.0
0.0
0.0
0.0
0.0
0.0
0.0
0.0
0.0
0.0
0.0
0.0
0.0
0.0
0.0
0.0
0.0
0.0
0.0
0.0
0.0
0.0
0.0
0.0
0.0
0.0
0.0
0.0
0.0
0.0
0.0
0.0
0.0
0.0
0.0
0.0
0.0
0.0
0.0
0.0
0.0
0.0
0.0
0.0
0.0
0.0
0.0
0.0
0.0
0.0
0.0
0.0
0.0
0.0
0.0
0.0
0.0
0.0
0.0
0.0
0.0
0.0
0.0
0.0
0.0
0.0
0.0
0.0
0.0
0.0
0.0
0.0
0.0
0.0
0.0
0.0
0.0
0.0
0.0
0.0
0.0
0.0
0.0
0.0
0.0
0.0
0.0
0.0
0.0
0.0
0.0
0.0
0.0
0.0
0.0
0.0
0.0
0.0
0.0
0.0
0.0
0.0
0.0
0.0
0.0
0.0
0.0
0.0
0.0
0.0
0.0
0.0
0.0
0.0
0.0
0.0
0.0
0.0
0.0
0.0
0.0
0.0
0.0
0.0
0.0
0.0
0.0
0.0
0.0
0.0
0.0
0.0
0.0
0.0
0.0
0.0
0.0
0.0
0.0
0.0
0.0
0.0
0.0
0.0
0.0
0.0
0.0
0.0
0.0
0.0
0.0
0.0
0.0
0.0
0.0
0.0
0.0
0.0
0.0
0.0
0.0
0.0
0.0
0.0
0.0
0.0
0.0
0.0
0.0
0.0
0.0
0.0
0.0
0.0
0.0
0.0
0.0
0.0
0.0
0.0
0.0
0.0
0.0
0.0
0.0
0.0
0.0
0.0
0.0
0.0
0.0
0.0
0.0
0.0
0.0
0.0
0.0
0.0
0.0
0.0
0.0
0.0
0.0
0.0
0.0
0.0
0.0
0.0
0.0
0.0
0.0
0.0
0.0
0.0
0.0
0.0
0.0
0.0
0.0
0.0
0.0
0.0
0.0
0.0
0.0
0.0
0.0
0.0
0.0
0.0
0.0
0.0
0.0
-2.6666666666666665
-1.0
-2.6666666666666665
-1.0
-1.0
-2.6666666666666665
-2.6666666666666665
-1.0
-1.0
-2.6666666666666665
-2.6666666666666665
-1.0
-2.6666666666666665
-2.6666666666666665
-1.0
-2.6666666666666665
-2.6666666666666665
-2.6666666666666665
-1.0
-2.6666666666666665
-2.6666666666666665
-1.0
-1.0
-2.6666666666666665
-1.0
-2.6666666666666665
-2.6666666666666665
-1.0
-1.0
-2.6666666666666665
-2.6666666666666665
-1.0
-1.0
-1.0
-1.0
-2.6666666666666665
-2.6666666666666665
-1.0
-2.6666666666666665
-1.0
-1.0
-1.0
-2.6666666666666665
-2.6666666666666665
-2.6666666666666665
-2.6666666666666665
-2.6666666666666665
-2.6666666666666665
-2.6666666666666665
-2.6666666666666665
-2.6666666666666665
-1.0
-2.6666666666666665
-1.0
-1.0
-2.6666666666666665
-1.0
-1.0
-1.0
-1.0
-1.0
-1.0
-1.0
-1.0
-1.0
-2.6666666666666665
-2.6666666666666665
-1.0
-1.0
-1.0
-2.6666666666666665
-1.0
-2.6666666666666665
-1.0
-1.0
-1.0
-1.0
-2.6666666666666665
-1.0
-1.0
-1.0
-1.0
-2.6666666666666665
-1.0
-2.6666666666666665
-2.6666666666666665
-2.6666666666666665
-1.0
-2.6666666666666665
-2.6666666666666665
-1.0
-1.0
-1.0
-1.0
-1.0
-1.0
-2.6666666666666665
-1.0
-1.0
-1.0
-2.6666666666666665
-2.6666666666666665
-1.0
-2.6666666666666665
-1.0
-1.0
-1.0
-2.6666666666666665
-1.0
-1.0
-1.0
-1.0
-1.0
-1.0
-1.0
-1.0
-1.0
-2.6666666666666665
-2.6666666666666665
-2.6666666666666665
-1.0
-1.0
-1.0
-1.0
-1.0
-1.0
-1.0
-2.6666666666666665
-2.6666666666666665
-2.6666666666666665
-2.6666666666666665
-2.6666666666666665
-1.0
-1.0
-1.0
-2.6666666666666665
-1.0
-1.0
-2.6666666666666665
-2.6666666666666665
-2.6666666666666665
-1.0
-1.0
-1.0
-2.6666666666666665
-2.6666666666666665
-2.6666666666666665
-2.6666666666666665
-2.6666666666666665
-2.6666666666666665
-2.6666666666666665
-2.6666666666666665
-1.0
-1.0
-2.6666666666666665
-2.6666666666666665
-2.6666666666666665
-1.0
-2.6666666666666665
-2.6666666666666665
-2.6666666666666665
-1.0
-2.6666666666666665
-1.0
-2.6666666666666665
-2.6666666666666665
-2.6666666666666665
-2.6666666666666665
-2.6666666666666665
-2.6666666666666665
-2.6666666666666665
-2.6666666666666665
-2.6666666666666665
-2.6666666666666665
-1.0
-1.0
-2.6666666666666665
-2.6666666666666665
-2.6666666666666665
-1.0
-1.0
-1.0
-1.0
-1.0
-1.0
-2.6666666666666665
-1.0
-2.6666666666666665
-2.6666666666666665
-1.0
-2.6666666666666665
-2.6666666666666665
-2.6666666666666665
-1.0
-2.6666666666666665
-1.0
-1.0
-2.6666666666666665
-2.6666666666666665
-2.6666666666666665
0.0
0.0
0.0
0.0
0.0
0.0
0.0
0.0
0.0
0.0
0.0
0.0
0.0
0.0
0.0
0.0
0.0
0.0
0.0
0.0
0.0
0.0
0.0
0.0
0.0
0.0
0.0
0.0
0.0
0.0
0.0
0.0
0.0
0.0
0.0
0.0
0.0
0.0
0.0
0.0
0.0
0.0
0.0
0.0
0.0
0.0
0.0
0.0
0.0
0.0
0.0
0.0
0.0
0.0
0.0
0.0
0.0
0.0
0.0
0.0
0.0
0.0
0.0
0.0
0.0
0.0
0.0
0.0
0.0
0.0
0.0
0.0
0.0
0.0
0.0
0.0
0.0
0.0
0.0
0.0
0.0
0.0
0.0
0.0
0.0
0.0
0.0
0.0
0.0
0.0
0.0
0.0
0.0
0.0
0.0
0.0
0.0
0.0
0.0
0.0
-2.6666666666666665
-2.6666666666666665
-1.0
-1.0
-2.6666666666666665
-2.6666666666666665
-1.0
-1.0
-1.0
-2.6666666666666665
-2.6666666666666665
-1.0
-1.0
-1.0
-1.0
-1.0
-1.0
-2.6666666666666665
-1.0
-1.0
-2.6666666666666665
-1.0
-2.6666666666666665
-2.6666666666666665
-2.6666666666666665
-1.0
-1.0
-2.6666666666666665
-2.6666666666666665
-2.6666666666666665
-2.6666666666666665
-1.0
-1.0
-1.0
-1.0
-1.0
-2.6666666666666665
-2.6666666666666665
-1.0
-1.0
-2.6666666666666665
-2.6666666666666665
-1.0
-1.0
-1.0
-2.6666666666666665
-2.6666666666666665
-1.0
-1.0
-2.6666666666666665
-1.0
-1.0
-2.6666666666666665
-1.0
-2.6666666666666665
-1.0
-1.0
-2.6666666666666665
-2.6666666666666665
-2.6666666666666665
-1.0
-1.0
-2.6666666666666665
-1.0
-2.6666666666666665
-2.6666666666666665
-2.6666666666666665
-2.6666666666666665
-1.0
-1.0
-1.0
-2.6666666666666665
-2.6666666666666665
-2.6666666666666665
-2.6666666666666665
-2.6666666666666665
-2.6666666666666665
-2.6666666666666665
-2.6666666666666665
-1.0
-1.0
-2.6666666666666665
-2.6666666666666665
-2.6666666666666665
-2.6666666666666665
-1.0
-1.0
-2.6666666666666665
-1.0
-2.6666666666666665
-2.6666666666666665
-2.6666666666666665
-2.6666666666666665
-1.0
-1.0
-2.6666666666666665
-2.6666666666666665
-2.6666666666666665
-2.6666666666666665
-1.0
-2.6666666666666665
-2.6666666666666665
-2.6666666666666665
-2.6666666666666665
-1.0
-1.0
-2.6666666666666665
-2.6666666666666665
-1.0
-1.0
-1.0
-2.6666666666666665
-2.6666666666666665
-2.6666666666666665
-2.6666666666666665
-2.6666666666666665
-2.6666666666666665
-1.0
-2.6666666666666665
-1.0
-1.0
-1.0
-2.6666666666666665
-2.6666666666666665
-1.0
-1.0
-1.0
-1.0
-1.0
-1.0
-2.6666666666666665
-2.6666666666666665
-2.6666666666666665
-1.0
-1.0
-1.0
-2.6666666666666665
-1.0
-2.6666666666666665
-2.6666666666666665
-2.6666666666666665
-2.6666666666666665
-1.0
-1.0
-1.0
-2.6666666666666665
-2.6666666666666665
-2.6666666666666665
-2.6666666666666665
-1.0
-1.0
-2.6666666666666665
-1.0
-2.6666666666666665
-1.0
-1.0
-2.6666666666666665
-1.0
-1.0
-2.6666666666666665
-1.0
-2.6666666666666665
-2.6666666666666665
-2.6666666666666665
-1.0
-2.6666666666666665
-1.0
-1.0
-2.6666666666666665
-2.6666666666666665
-2.6666666666666665
-2.6666666666666665
-2.6666666666666665
-2.6666666666666665
-1.0
-1.0
-1.0
-2.6666666666666665
-1.0
-2.6666666666666665
-1.0
-1.0
-1.0
-2.6666666666666665
-2.6666666666666665
-1.0
-2.6666666666666665
-2.6666666666666665
-1.0
-2.6666666666666665
-2.6666666666666665
-2.6666666666666665
-2.6666666666666665
-2.6666666666666665
-1.0
-2.6666666666666665
-2.6666666666666665
-1.0
-1.0
-1.0
-1.0
-1.0
-2.6666666666666665
-1.0
-1.0
-2.6666666666666665
-2.6666666666666665
-2.6666666666666665
-2.6666666666666665
-2.6666666666666665
-1.0
-1.0
-1.0
-1.0
-1.0
-1.0
-1.0
-2.6666666666666665
-1.0
-2.6666666666666665
-2.6666666666666665
-1.0
-1.0
-2.6666666666666665
-1.0
-1.0
-1.0
-2.6666666666666665
-2.6666666666666665
-2.6666666666666665
-2.6666666666666665
-2.6666666666666665
-1.0
-1.0
-1.0
-1.0
-1.0
-1.0
-2.6666666666666665
-2.6666666666666665
-2.6666666666666665
-2.6666666666666665
-2.6666666666666665
-2.6666666666666665
-2.6666666666666665
-2.6666666666666665
-1.0
-1.0
-1.0
-1.0
-2.6666666666666665
-1.0
-2.6666666666666665
-1.0
-1.0
-1.0
-1.0
-2.6666666666666665
-1.0
-2.6666666666666665
-1.0
-2.6666666666666665
-2.6666666666666665
-2.6666666666666665
-2.6666666666666665
-1.0
-1.0
-1.0
-2.6666666666666665
-1.0
-1.0
-2.6666666666666665
-2.6666666666666665
-1.0
-2.6666666666666665
-2.6666666666666665
-2.6666666666666665
-2.6666666666666665
-2.6666666666666665
-2.6666666666666665
-1.0
-1.0
-1.0
-1.0
-1.0
-2.6666666666666665
-2.6666666666666665
-2.6666666666666665
-2.6666666666666665
-2.6666666666666665
-2.6666666666666665
-2.6666666666666665
-1.0
-2.6666666666666665
-2.6666666666666665
-1.0
-2.6666666666666665
-2.6666666666666665
-2.6666666666666665
-1.0
4.0
-1.0
4.0
-1.0
-1.0
-1.0
4.0
4.0
-1.0
4.0
-1.0
-1.0
-1.0
4.0
4.0
4.0
4.0
-1.0
4.0
4.0
-1.0
-1.0
4.0
4.0
4.0
4.0
-1.0
-1.0
-1.0
-1.0
-1.0
-1.0
4.0
4.0
-1.0
4.0
4.0
4.0
4.0
4.0
4.0
-1.0
-1.0
-1.0
4.0
4.0
-1.0
-1.0
4.0
-1.0
-1.0
-1.0
-1.0
-1.0
4.0
4.0
4.0
4.0
4.0
-1.0
-1.0
-1.0
-1.0
4.0
-1.0
-1.0
4.0
4.0
4.0
-1.0
-1.0
-1.0
-1.0
4.0
4.0
4.0
4.0
4.0
-1.0
-1.0
4.0
4.0
4.0
-1.0
-1.0
4.0
4.0
4.0
4.0
-1.0
4.0
4.0
4.0
-1.0
4.0
-1.0
-1.0
4.0
4.0
4.0
0.0
0.0
0.0
0.0
0.0
0.0
0.0
0.0
0.0
0.0
0.0
0.0
0.0
0.0
0.0
0.0
0.0
0.0
0.0
0.0
0.0
0.0
0.0
0.0
0.0
0.0
0.0
0.0
0.0
0.0
0.0
0.0
0.0
0.0
0.0
0.0
0.0
0.0
0.0
0.0
0.0
0.0
0.0
0.0
0.0
0.0
0.0
0.0
0.0
0.0
0.0
0.0
0.0
0.0
0.0
0.0
0.0
0.0
0.0
0.0
0.0
0.0
0.0
0.0
0.0
0.0
0.0
0.0
0.0
0.0
0.0
0.0
0.0
0.0
0.0
0.0
0.0
0.0
0.0
0.0
0.0
0.0
0.0
0.0
0.0
0.0
0.0
0.0
0.0
0.0
0.0
0.0
0.0
0.0
0.0
0.0
0.0
0.0
0.0
0.0
-1.0
-1.0
4.0
4.0
-1.0
-1.0
4.0
4.0
-1.0
-1.0
-1.0
4.0
-1.0
-1.0
4.0
4.0
4.0
4.0
-1.0
4.0
4.0
4.0
-1.0
4.0
-1.0
4.0
-1.0
-1.0
-1.0
4.0
-1.0
-1.0
4.0
-1.0
-1.0
4.0
4.0
4.0
-1.0
-1.0
-1.0
4.0
-1.0
-1.0
4.0
-1.0
-1.0
-1.0
-1.0
-1.0
-1.0
-1.0
4.0
-1.0
4.0
-1.0
-1.0
4.0
4.0
-1.0
-1.0
4.0
4.0
4.0
-1.0
-1.0
-1.0
4.0
4.0
-1.0
-1.0
-1.0
-1.0
-1.0
-1.0
-1.0
4.0
4.0
4.0
4.0
-1.0
-1.0
-1.0
-1.0
4.0
-1.0
-1.0
-1.0
-1.0
4.0
4.0
4.0
4.0
4.0
4.0
4.0
4.0
4.0
4.0
4.0
-1.0
-2.6666666666666665
-1.0
-2.6666666666666665
-2.6666666666666665
-2.6666666666666665
-2.6666666666666665
-2.6666666666666665
-2.6666666666666665
-2.6666666666666665
-2.6666666666666665
-2.6666666666666665
-1.0
-1.0
-1.0
-2.6666666666666665
-2.6666666666666665
-1.0
-1.0
-1.0
-1.0
-1.0
-1.0
-2.6666666666666665
-2.6666666666666665
-2.6666666666666665
-1.0
-2.6666666666666665
-2.6666666666666665
-1.0
-1.0
-1.0
-2.6666666666666665
-2.6666666666666665
-2.6666666666666665
-2.6666666666666665
-2.6666666666666665
-2.6666666666666665
-2.6666666666666665
-2.6666666666666665
-1.0
-1.0
-1.0
-1.0
-1.0
-1.0
-1.0
-1.0
-1.0
-1.0
-1.0
-2.6666666666666665
-2.6666666666666665
-1.0
-1.0
-1.0
-1.0
-1.0
-1.0
-1.0
-2.6666666666666665
-2.6666666666666665
-2.6666666666666665
-2.6666666666666665
-1.0
-1.0
-2.6666666666666665
-2.6666666666666665
-2.6666666666666665
-2.6666666666666665
-1.0
-1.0
-1.0
-2.6666666666666665
-2.6666666666666665
-2.6666666666666665
-2.6666666666666665
-1.0
-1.0
-2.6666666666666665
-1.0
-1.0
-2.6666666666666665
-1.0
-1.0
-2.6666666666666665
-2.6666666666666665
-2.6666666666666665
-2.6666666666666665
-2.6666666666666665
-2.6666666666666665
-2.6666666666666665
-2.6666666666666665
-1.0
-1.0
-1.0
-1.0
-2.6666666666666665
-1.0
-1.0
-1.0
-2.6666666666666665
-2.6666666666666665
-1.0
-1.0
-1.0
-2.6666666666666665
-1.0
-1.0
-1.0
-2.6666666666666665
-2.6666666666666665
-1.0
-1.0
-1.0
-2.6666666666666665
-2.6666666666666665
-1.0
-2.6666666666666665
-2.6666666666666665
-1.0
-1.0
-1.0
-1.0
-1.0
-1.0
-2.6666666666666665
-2.6666666666666665
-1.0
-1.0
-1.0
-2.6666666666666665
-2.6666666666666665
-1.0
-1.0
-2.6666666666666665
-1.0
-1.0
-1.0
-2.6666666666666665
-2.6666666666666665
-2.6666666666666665
-2.6666666666666665
-1.0
-2.6666666666666665
-2.6666666666666665
-2.6666666666666665
-2.6666666666666665
-2.6666666666666665
-1.0
-2.6666666666666665
-1.0
-2.6666666666666665
-2.6666666666666665
-2.6666666666666665
-1.0
-1.0
-1.0
-2.6666666666666665
-2.6666666666666665
-2.6666666666666665
-1.0
-1.0
-1.0
-1.0
-1.0
-2.6666666666666665
-1.0
-2.6666666666666665
-2.6666666666666665
-1.0
-1.0
-1.0
-1.0
-2.6666666666666665
-2.6666666666666665
-1.0
-1.0
-2.6666666666666665
-1.0
-2.6666666666666665
-2.6666666666666665
-1.0
-2.6666666666666665
-2.6666666666666665
-1.0
-1.0
-1.0
-1.0
-1.0
-1.0
-2.6666666666666665
-2.6666666666666665
-2.6666666666666665
-2.6666666666666665
-1.0
-2.6666666666666665
-2.6666666666666665
-2.6666666666666665
-1.0
0.0
0.0
0.0
0.0
0.0
0.0
0.0
0.0
0.0
0.0
0.0
0.0
0.0
0.0
0.0
0.0
0.0
0.0
0.0
0.0
0.0
0.0
0.0
0.0
0.0
0.0
0.0
0.0
0.0
0.0
0.0
0.0
0.0
0.0
0.0
0.0
0.0
0.0
0.0
0.0
0.0
0.0
0.0
0.0
0.0
0.0
0.0
0.0
0.0
0.0
0.0
0.0
0.0
0.0
0.0
0.0
0.0
0.0
0.0
0.0
0.0
0.0
0.0
0.0
0.0
0.0
0.0
0.0
0.0
0.0
0.0
0.0
0.0
0.0
0.0
0.0
0.0
0.0
0.0
0.0
0.0
0.0
0.0
0.0
0.0
0.0
0.0
0.0
0.0
0.0
0.0
0.0
0.0
0.0
0.0
0.0
0.0
0.0
0.0
0.0
-2.6666666666666665
-2.6666666666666665
-2.6666666666666665
-2.6666666666666665
-1.0
-1.0
-2.6666666666666665
-1.0
-1.0
-1.0
-2.6666666666666665
-2.6666666666666665
-1.0
-1.0
-1.0
-1.0
-2.6666666666666665
-2.6666666666666665
-2.6666666666666665
-2.6666666666666665
-2.6666666666666665
-1.0
-2.6666666666666665
-2.6666666666666665
-1.0
-2.6666666666666665
-2.6666666666666665
-2.6666666666666665
-2.6666666666666665
-2.6666666666666665
-2.6666666666666665
-2.6666666666666665
-2.6666666666666665
-1.0
-1.0
-1.0
-1.0
-2.6666666666666665
-2.6666666666666665
-1.0
-1.0
-1.0
-1.0
-1.0
-2.6666666666666665
-2.6666666666666665
-1.0
-1.0
-2.6666666666666665
-2.6666666666666665
-1.0
-1.0
-1.0
-1.0
-2.6666666666666665
-2.6666666666666665
-2.6666666666666665
-1.0
-2.6666666666666665
-1.0
-1.0
-2.6666666666666665
-2.6666666666666665
-1.0
-1.0
-1.0
-1.0
-1.0
-1.0
-1.0
-2.6666666666666665
-2.6666666666666665
-1.0
-1.0
-1.0
-2.6666666666666665
-2.6666666666666665
-2.6666666666666665
-1.0
-2.6666666666666665
-2.6666666666666665
-2.6666666666666665
-2.6666666666666665
-2.6666666666666665
-2.6666666666666665
-2.6666666666666665
-2.6666666666666665
-1.0
-1.0
-1.0
-1.0
-1.0
-1.0
-1.0
-1.0
-1.0
-1.0
-2.6666666666666665
-2.6666666666666665
-2.6666666666666665
0.0
0.0
0.0
0.0
0.0
0.0
0.0
0.0
0.0
0.0
0.0
0.0
0.0
0.0
0.0
0.0
0.0
0.0
0.0
0.0
0.0
0.0
0.0
0.0
0.0
0.0
0.0
0.0
0.0
0.0
0.0
0.0
0.0
0.0
0.0
0.0
0.0
0.0
0.0
0.0
0.0
0.0
0.0
0.0
0.0
0.0
0.0
0.0
0.0
0.0
0.0
0.0
0.0
0.0
0.0
0.0
0.0
0.0
0.0
0.0
0.0
0.0
0.0
0.0
0.0
0.0
0.0
0.0
0.0
0.0
0.0
0.0
0.0
0.0
0.0
0.0
0.0
0.0
0.0
0.0
0.0
0.0
0.0
0.0
0.0
0.0
0.0
0.0
0.0
0.0
0.0
0.0
0.0
0.0
0.0
0.0
0.0
0.0
0.0
0.0
0.0
0.0
0.0
0.0
0.0
0.0
0.0
0.0
0.0
0.0
0.0
0.0
0.0
0.0
0.0
0.0
0.0
0.0
0.0
0.0
0.0
0.0
0.0
0.0
0.0
0.0
0.0
0.0
0.0
0.0
0.0
0.0
0.0
0.0
0.0
0.0
0.0
0.0
0.0
0.0
0.0
0.0
0.0
0.0
0.0
0.0
0.0
0.0
0.0
0.0
0.0
0.0
0.0
0.0
0.0
0.0
0.0
0.0
0.0
0.0
0.0
0.0
0.0
0.0
0.0
0.0
0.0
0.0
0.0
0.0
0.0
0.0
0.0
0.0
0.0
0.0
0.0
0.0
0.0
0.0
0.0
0.0
0.0
0.0
0.0
0.0
0.0
0.0
0.0
0.0
0.0
0.0
0.0
0.0
0.0
0.0
0.0
0.0
0.0
0.0
-2.6666666666666665
-2.6666666666666665
-2.6666666666666665
-2.6666666666666665
-1.0
-2.6666666666666665
-2.6666666666666665
-2.6666666666666665
-1.0
-1.0
-1.0
-1.0
-2.6666666666666665
-2.6666666666666665
-2.6666666666666665
-1.0
-1.0
-2.6666666666666665
-1.0
-1.0
-1.0
-1.0
-1.0
-1.0
-1.0
-1.0
-1.0
-2.6666666666666665
-1.0
-1.0
-1.0
-2.6666666666666665
-2.6666666666666665
-2.6666666666666665
-1.0
-2.6666666666666665
-2.6666666666666665
-1.0
-1.0
-1.0
-1.0
-1.0
-1.0
-1.0
-1.0
-2.6666666666666665
-1.0
-1.0
-1.0
-1.0
-1.0
-1.0
-1.0
-1.0
-1.0
-1.0
-1.0
-1.0
-1.0
-1.0
-1.0
-1.0
-1.0
-1.0
-1.0
-1.0
-1.0
-1.0
-1.0
-1.0
-2.6666666666666665
-2.6666666666666665
-2.6666666666666665
-2.6666666666666665
-2.6666666666666665
-1.0
-2.6666666666666665
-2.6666666666666665
-2.6666666666666665
-2.6666666666666665
-1.0
-2.6666666666666665
-1.0
-1.0
-1.0
-1.0
-1.0
-1.0
-2.6666666666666665
-2.6666666666666665
-2.6666666666666665
-1.0
-1.0
-1.0
-1.0
-2.6666666666666665
-2.6666666666666665
-2.6666666666666665
-2.6666666666666665
-2.6666666666666665
0.0
0.0
0.0
0.0
0.0
0.0
0.0
0.0
0.0
0.0
0.0
0.0
0.0
0.0
0.0
0.0
0.0
0.0
0.0
0.0
0.0
0.0
0.0
0.0
0.0
0.0
0.0
0.0
0.0
0.0
0.0
0.0
0.0
0.0
0.0
0.0
0.0
0.0
0.0
0.0
0.0
0.0
0.0
0.0
0.0
0.0
0.0
0.0
0.0
0.0
0.0
0.0
0.0
0.0
0.0
0.0
0.0
0.0
0.0
0.0
0.0
0.0
0.0
0.0
0.0
0.0
0.0
0.0
0.0
0.0
0.0
0.0
0.0
0.0
0.0
0.0
0.0
0.0
0.0
0.0
0.0
0.0
0.0
0.0
0.0
0.0
0.0
0.0
0.0
0.0
0.0
0.0
0.0
0.0
0.0
0.0
0.0
0.0
0.0
0.0
-1.0
-2.6666666666666665
-1.0
-2.6666666666666665
-1.0
-1.0
-2.6666666666666665
-2.6666666666666665
-2.6666666666666665
-1.0
-1.0
-2.6666666666666665
-2.6666666666666665
-2.6666666666666665
-1.0
-1.0
-1.0
-1.0
-1.0
-1.0
-2.6666666666666665
-2.6666666666666665
-2.6666666666666665
-2.6666666666666665
-2.6666666666666665
-2.6666666666666665
-1.0
-1.0
-1.0
-1.0
-1.0
-1.0
-2.6666666666666665
-2.6666666666666665
-2.6666666666666665
-1.0
-1.0
-1.0
-1.0
-2.6666666666666665
-2.6666666666666665
-2.6666666666666665
-2.6666666666666665
-1.0
-1.0
-1.0
-1.0
-1.0
-1.0
-1.0
-1.0
-1.0
-1.0
-1.0
-1.0
-1.0
-1.0
-1.0
-2.6666666666666665
-2.6666666666666665
-2.6666666666666665
-2.6666666666666665
-2.6666666666666665
-2.6666666666666665
-1.0
-1.0
-1.0
-2.6666666666666665
-2.6666666666666665
-2.6666666666666665
-2.6666666666666665
-1.0
-1.0
-2.6666666666666665
-1.0
-1.0
-1.0
-1.0
-1.0
-1.0
-2.6666666666666665
-2.6666666666666665
-2.6666666666666665
-2.6666666666666665
-2.6666666666666665
-2.6666666666666665
-2.6666666666666665
-2.6666666666666665
-2.6666666666666665
-2.6666666666666665
-2.6666666666666665
-1.0
-1.0
-1.0
-1.0
-2.6666666666666665
-2.6666666666666665
-2.6666666666666665
-2.6666666666666665
-2.6666666666666665
0.0
0.0
0.0
0.0
0.0
0.0
0.0
0.0
0.0
0.0
0.0
0.0
0.0
0.0
0.0
0.0
0.0
0.0
0.0
0.0
0.0
0.0
0.0
0.0
0.0
0.0
0.0
0.0
0.0
0.0
0.0
0.0
0.0
0.0
0.0
0.0
0.0
0.0
0.0
0.0
0.0
0.0
0.0
0.0
0.0
0.0
0.0
0.0
0.0
0.0
0.0
0.0
0.0
0.0
0.0
0.0
0.0
0.0
0.0
0.0
0.0
0.0
0.0
0.0
0.0
0.0
0.0
0.0
0.0
0.0
0.0
0.0
0.0
0.0
0.0
0.0
0.0
0.0
0.0
0.0
0.0
0.0
0.0
0.0
0.0
0.0
0.0
0.0
0.0
0.0
0.0
0.0
0.0
0.0
0.0
0.0
0.0
0.0
0.0
0.0
-1.0
-1.0
-1.0
-1.0
-1.0
-1.0
-1.0
-1.0
-1.0
-1.0
-1.0
-1.0
-1.0
-1.0
-2.6666666666666665
-1.0
-1.0
-1.0
-1.0
-2.6666666666666665
-2.6666666666666665
-1.0
-2.6666666666666665
-1.0
-1.0
-1.0
-1.0
-1.0
-1.0
-1.0
-1.0
-1.0
-1.0
-2.6666666666666665
-2.6666666666666665
-2.6666666666666665
-2.6666666666666665
-1.0
-1.0
-1.0
-1.0
-1.0
-1.0
-1.0
-1.0
-1.0
-1.0
-2.6666666666666665
-2.6666666666666665
-2.6666666666666665
-1.0
-1.0
-2.6666666666666665
-2.6666666666666665
-2.6666666666666665
-2.6666666666666665
-1.0
-1.0
-1.0
-2.6666666666666665
-2.6666666666666665
-2.6666666666666665
-2.6666666666666665
-2.6666666666666665
-1.0
-1.0
-2.6666666666666665
-2.6666666666666665
-2.6666666666666665
-2.6666666666666665
-2.6666666666666665
-1.0
-1.0
-1.0
-1.0
-2.6666666666666665
-1.0
-1.0
-1.0
-2.6666666666666665
-2.6666666666666665
-2.6666666666666665
-2.6666666666666665
-2.6666666666666665
-2.6666666666666665
-1.0
-1.0
-2.6666666666666665
-1.0
-1.0
-2.6666666666666665
-1.0
-1.0
-2.6666666666666665
-1.0
-1.0
-1.0
-1.0
-2.6666666666666665
-1.0
4.0
4.0
4.0
4.0
4.0
-1.0
-1.0
4.0
4.0
4.0
4.0
4.0
4.0
4.0
4.0
-1.0
4.0
4.0
4.0
-1.0
4.0
4.0
-1.0
4.0
4.0
4.0
-1.0
-1.0
-1.0
4.0
-1.0
-1.0
4.0
4.0
-1.0
-1.0
4.0
-1.0
-1.0
-1.0
-1.0
4.0
-1.0
4.0
4.0
4.0
4.0
-1.0
-1.0
4.0
4.0
4.0
4.0
4.0
4.0
4.0
4.0
4.0
4.0
4.0
-1.0
-1.0
4.0
-1.0
4.0
4.0
-1.0
4.0
-1.0
-1.0
-1.0
-1.0
4.0
4.0
4.0
4.0
4.0
4.0
4.0
4.0
-1.0
-1.0
-1.0
-1.0
-1.0
-1.0
-1.0
-1.0
-1.0
-1.0
-1.0
-1.0
4.0
4.0
4.0
4.0
4.0
-1.0
-1.0
-1.0
0.0
0.0
0.0
0.0
0.0
0.0
0.0
0.0
0.0
0.0
0.0
0.0
0.0
0.0
0.0
0.0
0.0
0.0
0.0
0.0
0.0
0.0
0.0
0.0
0.0
0.0
0.0
0.0
0.0
0.0
0.0
0.0
0.0
0.0
0.0
0.0
0.0
0.0
0.0
0.0
0.0
0.0
0.0
0.0
0.0
0.0
0.0
0.0
0.0
0.0
0.0
0.0
0.0
0.0
0.0
0.0
0.0
0.0
0.0
0.0
0.0
0.0
0.0
0.0
0.0
0.0
0.0
0.0
0.0
0.0
0.0
0.0
0.0
0.0
0.0
0.0
0.0
0.0
0.0
0.0
0.0
0.0
0.0
0.0
0.0
0.0
0.0
0.0
0.0
0.0
0.0
0.0
0.0
0.0
0.0
0.0
0.0
0.0
0.0
0.0
0.0
1.333333333333333
0.0
1.333333333333333
0.0
0.0
0.0
0.0
1.333333333333333
1.333333333333333
1.333333333333333
0.0
1.333333333333333
0.0
0.0
0.0
1.333333333333333
0.0
0.0
0.0
0.0
0.0
0.0
0.0
1.333333333333333
0.0
0.0
1.333333333333333
1.333333333333333
0.0
1.333333333333333
1.333333333333333
1.333333333333333
0.0
1.333333333333333
1.333333333333333
1.333333333333333
1.333333333333333
0.0
0.0
0.0
0.0
0.0
1.333333333333333
1.333333333333333
1.333333333333333
0.0
1.333333333333333
1.333333333333333
0.0
0.0
0.0
0.0
1.333333333333333
1.333333333333333
1.333333333333333
1.333333333333333
1.333333333333333
1.333333333333333
1.333333333333333
0.0
1.333333333333333
1.333333333333333
0.0
1.333333333333333
1.333333333333333
1.333333333333333
1.333333333333333
1.333333333333333
1.333333333333333
1.333333333333333
1.333333333333333
1.333333333333333
1.333333333333333
0.0
1.333333333333333
0.0
1.333333333333333
1.333333333333333
0.0
0.0
0.0
0.0
1.333333333333333
1.333333333333333
1.333333333333333
1.333333333333333
0.0
0.0
0.0
0.0
1.333333333333333
1.333333333333333
1.333333333333333
1.333333333333333
0.0
0.0
0.0
0.0
0.0
0.0
1.333333333333333
0.0
0.0
1.333333333333333
1.333333333333333
1.333333333333333
1.333333333333333
0.0
1.333333333333333
0.0
0.0
0.0
0.0
0.0
1.333333333333333
0.0
0.0
1.333333333333333
1.333333333333333
1.333333333333333
1.333333333333333
1.333333333333333
1.333333333333333
0.0
1.333333333333333
1.333333333333333
1.333333333333333
1.333333333333333
0.0
1.333333333333333
1.333333333333333
1.333333333333333
0.0
0.0
1.333333333333333
1.333333333333333
1.333333333333333
1.333333333333333
0.0
1.333333333333333
0.0
1.333333333333333
1.333333333333333
1.333333333333333
1.333333333333333
1.333333333333333
0.0
1.333333333333333
1.333333333333333
1.333333333333333
1.333333333333333
1.333333333333333
0.0
0.0
0.0
1.333333333333333
0.0
0.0
1.333333333333333
0.0
0.0
1.333333333333333
0.0
0.0
0.0
0.0
0.0
0.0
1.333333333333333
1.333333333333333
1.333333333333333
0.0
0.0
0.0
0.0
0.0
0.0
0.0
0.0
0.0
0.0
0.0
0.0
0.0
0.0
0.0
0.0
1.333333333333333
0.0
1.333333333333333
1.333333333333333
0.0
1.333333333333333
0.0
1.333333333333333
1.333333333333333
0.0
0.0
1.333333333333333
-1.0
-1.0
4.0
-1.0
-1.0
-1.0
-1.0
-1.0
-1.0
-1.0
4.0
-1.0
4.0
4.0
4.0
4.0
4.0
-1.0
-1.0
-1.0
-1.0
4.0
-1.0
4.0
4.0
4.0
4.0
4.0
-1.0
-1.0
4.0
4.0
4.0
-1.0
-1.0
-1.0
-1.0
4.0
4.0
4.0
4.0
4.0
4.0
-1.0
4.0
4.0
4.0
-1.0
4.0
-1.0
-1.0
-1.0
-1.0
-1.0
-1.0
-1.0
4.0
4.0
4.0
4.0
4.0
-1.0
-1.0
4.0
-1.0
-1.0
-1.0
4.0
4.0
-1.0
4.0
4.0
4.0
-1.0
4.0
-1.0
-1.0
4.0
-1.0
4.0
4.0
4.0
-1.0
-1.0
4.0
-1.0
-1.0
-1.0
-1.0
-1.0
4.0
4.0
4.0
-1.0
4.0
4.0
4.0
4.0
4.0
4.0
4.0
4.0
-1.0
-1.0
-1.0
-1.0
-1.0
-1.0
-1.0
-1.0
-1.0
-1.0
-1.0
4.0
4.0
4.0
4.0
-1.0
-1.0
4.0
4.0
4.0
4.0
4.0
4.0
4.0
4.0
4.0
4.0
-1.0
-1.0
-1.0
-1.0
-1.0
-1.0
-1.0
-1.0
4.0
-1.0
-1.0
4.0
-1.0
4.0
4.0
-1.0
4.0
-1.0
-1.0
4.0
-1.0
-1.0
4.0
4.0
4.0
4.0
4.0
4.0
4.0
4.0
4.0
4.0
4.0
-1.0
-1.0
-1.0
4.0
-1.0
-1.0
4.0
4.0
-1.0
-1.0
-1.0
-1.0
-1.0
-1.0
4.0
4.0
-1.0
4.0
-1.0
4.0
4.0
4.0
4.0
4.0
-1.0
-1.0
-1.0
-1.0
-1.0
-1.0
-1.0
-1.0
-1.0
-1.0
-1.0
-1.0
-1.0
4.0
1.333333333333333
0.0
0.0
1.333333333333333
0.0
1.333333333333333
0.0
1.333333333333333
1.333333333333333
0.0
1.333333333333333
0.0
1.333333333333333
1.333333333333333
1.333333333333333
0.0
1.333333333333333
1.333333333333333
0.0
0.0
0.0
0.0
0.0
0.0
1.333333333333333
1.333333333333333
1.333333333333333
1.333333333333333
1.333333333333333
0.0
0.0
1.333333333333333
0.0
0.0
0.0
1.333333333333333
1.333333333333333
0.0
1.333333333333333
1.333333333333333
1.333333333333333
1.333333333333333
0.0
0.0
0.0
1.333333333333333
0.0
0.0
0.0
1.333333333333333
0.0
0.0
1.333333333333333
0.0
1.333333333333333
1.333333333333333
0.0
0.0
0.0
0.0
1.333333333333333
1.333333333333333
1.333333333333333
1.333333333333333
0.0
0.0
0.0
0.0
1.333333333333333
1.333333333333333
1.333333333333333
1.333333333333333
0.0
0.0
0.0
1.333333333333333
0.0
1.333333333333333
1.333333333333333
1.333333333333333
1.333333333333333
1.333333333333333
0.0
0.0
0.0
1.333333333333333
1.333333333333333
1.333333333333333
1.333333333333333
1.333333333333333
1.333333333333333
0.0
0.0
1.333333333333333
1.333333333333333
0.0
1.333333333333333
0.0
1.333333333333333
0.0
-1.0
-1.0
4.0
4.0
-1.0
-1.0
-1.0
4.0
-1.0
4.0
4.0
-1.0
-1.0
-1.0
-1.0
-1.0
4.0
4.0
-1.0
-1.0
-1.0
-1.0
-1.0
-1.0
-1.0
-1.0
-1.0
4.0
4.0
4.0
4.0
-1.0
-1.0
4.0
4.0
-1.0
-1.0
-1.0
-1.0
-1.0
-1.0
-1.0
-1.0
-1.0
-1.0
4.0
4.0
4.0
4.0
4.0
4.0
4.0
-1.0
-1.0
4.0
-1.0
4.0
-1.0
-1.0
4.0
4.0
-1.0
4.0
4.0
4.0
4.0
-1.0
-1.0
-1.0
4.0
4.0
-1.0
4.0
-1.0
-1.0
-1.0
-1.0
4.0
-1.0
-1.0
4.0
4.0
-1.0
-1.0
-1.0
-1.0
-1.0
4.0
-1.0
-1.0
-1.0
4.0
-1.0
-1.0
-1.0
-1.0
-1.0
-1.0
-1.0
-1.0
1.333333333333333
1.333333333333333
1.333333333333333
1.333333333333333
1.333333333333333
1.333333333333333
1.333333333333333
1.333333333333333
1.333333333333333
1.333333333333333
1.333333333333333
1.333333333333333
0.0
1.333333333333333
1.333333333333333
0.0
0.0
0.0
0.0
0.0
1.333333333333333
0.0
0.0
0.0
0.0
0.0
1.333333333333333
1.333333333333333
1.333333333333333
1.333333333333333
1.333333333333333
1.333333333333333
1.333333333333333
1.333333333333333
0.0
1.333333333333333
1.333333333333333
1.333333333333333
1.333333333333333
0.0
1.333333333333333
0.0
0.0
1.333333333333333
1.333333333333333
1.333333333333333
1.333333333333333
0.0
1.333333333333333
1.333333333333333
1.333333333333333
1.333333333333333
0.0
0.0
1.333333333333333
1.333333333333333
1.333333333333333
0.0
1.333333333333333
0.0
0.0
0.0
0.0
0.0
0.0
1.333333333333333
1.333333333333333
0.0
0.0
0.0
0.0
0.0
0.0
0.0
0.0
1.333333333333333
1.333333333333333
1.333333333333333
0.0
0.0
1.333333333333333
0.0
0.0
0.0
0.0
1.333333333333333
0.0
0.0
1.333333333333333
1.333333333333333
1.333333333333333
1.333333333333333
0.0
1.333333333333333
1.333333333333333
1.333333333333333
1.333333333333333
1.333333333333333
1.333333333333333
0.0
-1.0
4.0
4.0
-1.0
-1.0
4.0
4.0
4.0
4.0
4.0
4.0
4.0
4.0
-1.0
4.0
4.0
-1.0
4.0
-1.0
-1.0
-1.0
-1.0
-1.0
4.0
4.0
4.0
4.0
-1.0
4.0
4.0
-1.0
-1.0
-1.0
4.0
4.0
4.0
4.0
4.0
4.0
4.0
4.0
-1.0
4.0
4.0
4.0
4.0
4.0
-1.0
-1.0
-1.0
-1.0
-1.0
-1.0
4.0
4.0
-1.0
4.0
4.0
4.0
4.0
-1.0
-1.0
-1.0
-1.0
4.0
-1.0
-1.0
4.0
-1.0
-1.0
-1.0
-1.0
4.0
4.0
-1.0
-1.0
4.0
4.0
4.0
-1.0
-1.0
-1.0
-1.0
-1.0
4.0
4.0
-1.0
4.0
-1.0
-1.0
-1.0
-1.0
-1.0
4.0
4.0
4.0
4.0
-1.0
-1.0
-1.0
-1.0
-1.0
-1.0
-1.0
4.0
4.0
-1.0
-1.0
-1.0
-1.0
-1.0
-1.0
4.0
4.0
-1.0
4.0
-1.0
4.0
4.0
-1.0
4.0
-1.0
4.0
4.0
-1.0
-1.0
-1.0
-1.0
-1.0
-1.0
-1.0
-1.0
4.0
-1.0
4.0
4.0
4.0
-1.0
4.0
-1.0
-1.0
4.0
4.0
4.0
4.0
4.0
4.0
-1.0
-1.0
-1.0
4.0
4.0
4.0
4.0
-1.0
-1.0
-1.0
-1.0
-1.0
4.0
-1.0
-1.0
4.0
4.0
4.0
4.0
-1.0
-1.0
-1.0
-1.0
-1.0
-1.0
4.0
4.0
4.0
4.0
4.0
4.0
-1.0
4.0
4.0
4.0
4.0
4.0
4.0
4.0
4.0
4.0
-1.0
4.0
-1.0
-1.0
4.0
4.0
4.0
4.0
-1.0
-1.0
-1.0
4.0
0.0
0.0
0.0
0.0
0.0
0.0
0.0
0.0
0.0
0.0
0.0
0.0
0.0
0.0
0.0
0.0
0.0
0.0
0.0
0.0
0.0
0.0
0.0
0.0
0.0
0.0
0.0
0.0
0.0
0.0
0.0
0.0
0.0
0.0
0.0
0.0
0.0
0.0
0.0
0.0
0.0
0.0
0.0
0.0
0.0
0.0
0.0
0.0
0.0
0.0
0.0
0.0
0.0
0.0
0.0
0.0
0.0
0.0
0.0
0.0
0.0
0.0
0.0
0.0
0.0
0.0
0.0
0.0
0.0
0.0
0.0
0.0
0.0
0.0
0.0
0.0
0.0
0.0
0.0
0.0
0.0
0.0
0.0
0.0
0.0
0.0
0.0
0.0
0.0
0.0
0.0
0.0
0.0
0.0
0.0
0.0
0.0
0.0
0.0
0.0
0.0
0.0
0.0
0.0
0.0
0.0
0.0
0.0
0.0
0.0
0.0
0.0
0.0
0.0
0.0
0.0
0.0
0.0
0.0
0.0
0.0
0.0
0.0
0.0
0.0
0.0
0.0
0.0
0.0
0.0
0.0
0.0
0.0
0.0
0.0
0.0
0.0
0.0
0.0
0.0
0.0
0.0
0.0
0.0
0.0
0.0
0.0
0.0
0.0
0.0
0.0
0.0
0.0
0.0
0.0
0.0
0.0
0.0
0.0
0.0
0.0
0.0
0.0
0.0
0.0
0.0
0.0
0.0
0.0
0.0
0.0
0.0
0.0
0.0
0.0
0.0
0.0
0.0
0.0
0.0
0.0
0.0
0.0
0.0
0.0
0.0
0.0
0.0
0.0
0.0
0.0
0.0
0.0
0.0
0.0
0.0
0.0
0.0
0.0
0.0
-1.0
-2.6666666666666665
-1.0
-1.0
-2.6666666666666665
-1.0
-2.6666666666666665
-1.0
-1.0
-1.0
-1.0
-2.6666666666666665
-2.6666666666666665
-2.6666666666666665
-1.0
-2.6666666666666665
-2.6666666666666665
-2.6666666666666665
-1.0
-2.6666666666666665
-2.6666666666666665
-2.6666666666666665
-1.0
-1.0
-2.6666666666666665
-2.6666666666666665
-2.6666666666666665
-1.0
-1.0
-2.6666666666666665
-1.0
-1.0
-2.6666666666666665
-1.0
-2.6666666666666665
-1.0
-2.6666666666666665
-2.6666666666666665
-1.0
-1.0
-1.0
-1.0
-1.0
-2.6666666666666665
-1.0
-2.6666666666666665
-2.6666666666666665
-2.6666666666666665
-2.6666666666666665
-2.6666666666666665
-2.6666666666666665
-2.6666666666666665
-2.6666666666666665
-2.6666666666666665
-2.6666666666666665
-2.6666666666666665
-2.6666666666666665
-2.6666666666666665
-2.6666666666666665
-2.6666666666666665
-2.6666666666666665
-2.6666666666666665
-2.6666666666666665
-2.6666666666666665
-1.0
-2.6666666666666665
-2.6666666666666665
-2.6666666666666665
-2.6666666666666665
-1.0
-2.6666666666666665
-2.6666666666666665
-2.6666666666666665
-2.6666666666666665
-1.0
-2.6666666666666665
-2.6666666666666665
-2.6666666666666665
-2.6666666666666665
-1.0
-2.6666666666666665
-1.0
-1.0
-2.6666666666666665
-1.0
-1.0
-2.6666666666666665
-1.0
-2.6666666666666665
-1.0
-2.6666666666666665
-1.0
-1.0
-2.6666666666666665
-2.6666666666666665
-2.6666666666666665
-2.6666666666666665
-1.0
-1.0
-1.0
4.0
4.0
-1.0
4.0
4.0
4.0
-1.0
4.0
4.0
-1.0
4.0
-1.0
-1.0
-1.0
-1.0
-1.0
4.0
-1.0
4.0
4.0
4.0
4.0
-1.0
-1.0
-1.0
-1.0
-1.0
-1.0
4.0
4.0
-1.0
-1.0
-1.0
4.0
4.0
4.0
-1.0
-1.0
-1.0
-1.0
-1.0
-1.0
-1.0
4.0
-1.0
4.0
-1.0
-1.0
-1.0
4.0
4.0
4.0
4.0
4.0
-1.0
-1.0
4.0
4.0
-1.0
-1.0
-1.0
-1.0
4.0
-1.0
-1.0
-1.0
-1.0
4.0
-1.0
4.0
4.0
4.0
4.0
4.0
-1.0
4.0
4.0
-1.0
-1.0
-1.0
4.0
-1.0
4.0
4.0
4.0
4.0
4.0
4.0
4.0
4.0
-1.0
4.0
4.0
-1.0
-1.0
-1.0
-1.0
-1.0
4.0
4.0
1.333333333333333
1.333333333333333
0.0
0.0
0.0
1.333333333333333
0.0
1.333333333333333
1.333333333333333
1.333333333333333
1.333333333333333
1.333333333333333
0.0
1.333333333333333
1.333333333333333
1.333333333333333
1.333333333333333
1.333333333333333
1.333333333333333
1.333333333333333
0.0
0.0
1.333333333333333
1.333333333333333
1.333333333333333
1.333333333333333
0.0
1.333333333333333
1.333333333333333
0.0
0.0
0.0
0.0
1.333333333333333
0.0
0.0
0.0
1.333333333333333
1.333333333333333
1.333333333333333
1.333333333333333
1.333333333333333
0.0
0.0
1.333333333333333
1.333333333333333
0.0
0.0
0.0
0.0
1.333333333333333
1.333333333333333
0.0
0.0
1.333333333333333
0.0
0.0
0.0
0.0
0.0
0.0
0.0
1.333333333333333
1.333333333333333
1.333333333333333
1.333333333333333
1.333333333333333
1.333333333333333
1.333333333333333
0.0
0.0
1.333333333333333
0.0
0.0
1.333333333333333
0.0
0.0
0.0
1.333333333333333
1.333333333333333
1.333333333333333
1.333333333333333
1.333333333333333
1.333333333333333
0.0
0.0
0.0
0.0
0.0
0.0
0.0
1.333333333333333
1.333333333333333
0.0
0.0
0.0
0.0
0.0
0.0
0.0
1.333333333333333
1.333333333333333
1.333333333333333
0.0
0.0
1.333333333333333
1.333333333333333
0.0
0.0
0.0
1.333333333333333
1.333333333333333
1.333333333333333
0.0
0.0
0.0
0.0
0.0
1.333333333333333
1.333333333333333
1.333333333333333
1.333333333333333
0.0
0.0
1.333333333333333
1.333333333333333
1.333333333333333
1.333333333333333
1.333333333333333
1.333333333333333
1.333333333333333
0.0
0.0
0.0
0.0
0.0
0.0
0.0
1.333333333333333
1.333333333333333
1.333333333333333
0.0
1.333333333333333
0.0
0.0
1.333333333333333
1.333333333333333
0.0
0.0
0.0
1.333333333333333
0.0
1.333333333333333
1.333333333333333
1.333333333333333
1.333333333333333
1.333333333333333
0.0
1.333333333333333
1.333333333333333
1.333333333333333
1.333333333333333
1.333333333333333
0.0
0.0
1.333333333333333
1.333333333333333
1.333333333333333
0.0
1.333333333333333
1.333333333333333
1.333333333333333
1.333333333333333
1.333333333333333
1.333333333333333
1.333333333333333
0.0
1.333333333333333
0.0
1.333333333333333
1.333333333333333
1.333333333333333
0.0
0.0
0.0
1.333333333333333
0.0
0.0
0.0
1.333333333333333
1.333333333333333
0.0
0.0
0.0
0.0
1.333333333333333
0.0
1.333333333333333
1.333333333333333
0.0
0.0
0.0
0.0
0.0
1.333333333333333
1.333333333333333
1.333333333333333
1.333333333333333
0.0
0.0
1.333333333333333
1.333333333333333
1.333333333333333
0.0
1.333333333333333
1.333333333333333
0.0
0.0
1.333333333333333
1.333333333333333
1.333333333333333
1.333333333333333
0.0
1.333333333333333
1.333333333333333
0.0
1.333333333333333
0.0
1.333333333333333
0.0
0.0
0.0
1.333333333333333
1.333333333333333
1.333333333333333
1.333333333333333
1.333333333333333
0.0
0.0
0.0
1.333333333333333
1.333333333333333
1.333333333333333
1.333333333333333
1.333333333333333
1.333333333333333
1.333333333333333
1.333333333333333
0.0
0.0
0.0
1.333333333333333
1.333333333333333
0.0
0.0
0.0
0.0
0.0
1.333333333333333
0.0
1.333333333333333
0.0
1.333333333333333
0.0
1.333333333333333
1.333333333333333
0.0
1.333333333333333
1.333333333333333
0.0
1.333333333333333
1.333333333333333
1.333333333333333
1.333333333333333
0.0
0.0
1.333333333333333
0.0
0.0
0.0
0.0
0.0
1.333333333333333
1.333333333333333
0.0
0.0
0.0
0.0
1.333333333333333
1.333333333333333
0.0
0.0
0.0
0.0
0.0
1.333333333333333
1.333333333333333
1.333333333333333
1.333333333333333
1.333333333333333
1.333333333333333
1.333333333333333
1.333333333333333
0.0
0.0
0.0
0.0
1.333333333333333
0.0
0.0
1.333333333333333
1.333333333333333
1.333333333333333
1.333333333333333
1.333333333333333
1.333333333333333
0.0
0.0
0.0
0.0
0.0
1.333333333333333
0.0
1.333333333333333
1.333333333333333
1.333333333333333
0.0
1.333333333333333
0.0
1.333333333333333
0.0
0.0
0.0
0.0
0.0
0.0
0.0
0.0
1.333333333333333
0.0
1.333333333333333
1.333333333333333
0.0
0.0
1.333333333333333
0.0
1.333333333333333
1.333333333333333
0.0
0.0
1.333333333333333
0.0
1.333333333333333
1.333333333333333
1.333333333333333
0.0
0.0
0.0
1.333333333333333
0.0
0.0
0.0
0.0
0.0
1.333333333333333
0.0
0.0
0.0
0.0
1.333333333333333
1.333333333333333
1.333333333333333
0.0
0.0
1.333333333333333
0.0
1.333333333333333
1.333333333333333
0.0
0.0
0.0
0.0
0.0
1.333333333333333
1.333333333333333
1.333333333333333
0.0
1.333333333333333
1.333333333333333
1.333333333333333
0.0
1.333333333333333
1.333333333333333
0.0
0.0
1.333333333333333
0.0
1.333333333333333
1.333333333333333
