0.21333333333333337
-0.08999999999999986
0.19999999999999973
0.18999999999999995
-0.0733333333333337
-0.11999999999999966
-0.07666666666666666
-0.19666666666666677
-0.07000000000000028
0.050000000000000266
-0.19333333333333336
-0.27
-0.01666666666666705
-0.013333333333333197
0.02666666666666684
-0.10000000000000009
-0.0033333333333334103
0.1433333333333331
-0.08333333333333348
0.1766666666666663
0.19999999999999973
0.1466666666666665
0.19999999999999973
0.2899999999999996
0.31666666666666643
0.20666666666666655
0.22333333333333316
0.3500000000000001
0.2833333333333332
0.3766666666666669
0.48
0.40333333333333377
0.09666666666666623
0.4266666666666663
0.41000000000000014
0.2400000000000002
0.020000000000000018
0.03999999999999959
0.0733333333333337
0.0033333333333334103
0.013333333333333197
0.13000000000000034
0.2833333333333332
0.17999999999999972
0.2533333333333334
0.21666666666666679
0.30000000000000027
0.22666666666666657
0.33666666666666645
0.27666666666666684
0.10999999999999988
0.16333333333333355
0.2833333333333332
0.516666666666667
0.34333333333333327
0.2366666666666668
0.08333333333333348
0.09333333333333327
0.05666666666666664
0.11999999999999966
0.30000000000000027
0.41999999999999993
0.2899999999999996
0.30666666666666664
0.1333333333333333
-0.02666666666666684
0.1499999999999999
0.21333333333333337
0.09333333333333327
0.2100000000000004
0.2100000000000004
0.30000000000000027
0.33000000000000007
0.18666666666666698
0.2533333333333334
0.22333333333333316
0.1466666666666665
0.16999999999999993
0.22999999999999998
0.38000000000000034
0.11333333333333329
0.19999999999999973
0.046666666666666856
-0.023333333333333428
0.10000000000000009
0.09333333333333327
0.06666666666666643
0.11333333333333329
-0.0066666666666663765
0.033333333333333215
-0.01666666666666705
0.0
-0.06666666666666643
0.020000000000000018
0.0
-0.07666666666666666
-0.023333333333333428
-0.08333333333333348
-0.01666666666666705
-0.09333333333333327
0.0033333333333334103
-0.08666666666666645
-0.08666666666666645
-0.009999999999999787
-0.043333333333333446
-0.036666666666666625
-0.050000000000000266
-0.06333333333333302
-0.06666666666666643
-0.08333333333333348
-0.08999999999999986
-0.11999999999999966
-0.1466666666666665
-0.10000000000000009
-0.12333333333333307
-0.16999999999999993
-0.10999999999999988
-0.1166666666666667
-0.12666666666666693
-0.08999999999999986
-0.08999999999999986
-0.11999999999999966
-0.1333333333333333
-0.07666666666666666
-0.03999999999999959
-0.020000000000000018
-0.08666666666666645
-0.06000000000000005
-0.11333333333333329
-0.15666666666666673
-0.10999999999999988
-0.16333333333333355
-0.07666666666666666
-0.10000000000000009
-0.08666666666666645
-0.06000000000000005
-0.07000000000000028
-0.10000000000000009
-0.06666666666666643
-0.03999999999999959
-0.08000000000000007
-0.06000000000000005
-0.036666666666666625
-0.050000000000000266
-0.06000000000000005
-0.009999999999999787
-0.050000000000000266
-0.020000000000000018
-0.08000000000000007
-0.08999999999999986
-0.08999999999999986
-0.1033333333333335
-0.08999999999999986
-0.10999999999999988
-0.13000000000000034
-0.10666666666666691
-0.08666666666666645
-0.10000000000000009
-0.11999999999999966
-0.1499999999999999
-0.13000000000000034
-0.15666666666666673
-0.1333333333333333
-0.15666666666666673
-0.14000000000000012
-0.18333333333333357
-0.16999999999999993
-0.14000000000000012
-0.14000000000000012
-0.16666666666666652
-0.10999999999999988
-0.16666666666666652
-0.13000000000000034
-0.16666666666666652
-0.16666666666666652
-0.13000000000000034
-0.10000000000000009
-0.1499999999999999
-0.10999999999999988
-0.13000000000000034
-0.1166666666666667
-0.13666666666666671
-0.08999999999999986
-0.12666666666666693
-0.11999999999999966
-0.10666666666666691
-0.1333333333333333
-0.1166666666666667
-0.1766666666666663
-0.1499999999999999
-0.1433333333333331
-0.16666666666666652
-0.18333333333333357
-0.17333333333333334
-0.1466666666666665
-0.13666666666666671
-0.09333333333333327
-0.1333333333333333
-0.10000000000000009
-0.09333333333333327
-0.08000000000000007
-0.0733333333333337
-0.08999999999999986
-0.09666666666666623
-0.08000000000000007
-0.020000000000000018
-0.06666666666666643
-0.07000000000000028
-0.07000000000000028
-0.06000000000000005
-0.07000000000000028
-0.07000000000000028
-0.09666666666666623
-0.07000000000000028
-0.05666666666666664
-0.029999999999999805
-0.020000000000000018
-0.06000000000000005
-0.050000000000000266
-0.009999999999999787
-0.050000000000000266
-0.050000000000000266
-0.03999999999999959
-0.03999999999999959
-0.02666666666666684
-0.01666666666666705
-0.05666666666666664
-0.03999999999999959
-0.0733333333333337
-0.03999999999999959
-0.050000000000000266
-0.046666666666666856
-0.029999999999999805
-0.033333333333333215
-0.043333333333333446
-0.029999999999999805
-0.033333333333333215
-0.020000000000000018
0.029999999999999805
-0.009999999999999787
-0.009999999999999787
0.013333333333333197
0.03999999999999959
0.03999999999999959
0.0
-0.009999999999999787
0.03999999999999959
-0.009999999999999787
0.0
0.0
0.03999999999999959
0.0
0.013333333333333197
0.0
0.013333333333333197
0.03999999999999959
0.013333333333333197
0.0
0.0
0.0
0.0
0.0
0.013333333333333197
0.03999999999999959
0.0
0.03999999999999959
0.0
0.0
0.03999999999999959
0.0
0.03999999999999959
0.0
0.013333333333333197
0.0
0.0
0.0
0.0
0.03999999999999959
0.03999999999999959
0.0
0.013333333333333197
0.0
0.0
-0.02666666666666684
0.013333333333333197
0.03999999999999959
0.013333333333333197
-0.02666666666666684
0.03999999999999959
0.0
0.03999999999999959
0.0
0.03999999999999959
0.0
0.0
0.0
0.0
0.0
-0.009999999999999787
0.0
0.0
0.0
0.03999999999999959
0.03999999999999959
0.03999999999999959
-0.02666666666666684
0.03999999999999959
0.0
0.0
0.03999999999999959
0.03999999999999959
0.013333333333333197
-0.009999999999999787
0.0
0.03999999999999959
0.03999999999999959
0.013333333333333197
0.0
0.013333333333333197
0.0
0.0
0.0
0.03999999999999959
0.0
-0.009999999999999787
0.0
0.0
0.0
0.0
0.0
0.0
0.0
0.0
0.03999999999999959
0.0
0.0
0.03999999999999959
0.0
0.0
0.0
0.0
0.0
0.0
0.0
0.0
0.0
0.0
-0.02666666666666684
0.013333333333333197
0.0
0.013333333333333197
0.03999999999999959
0.0
0.0
0.0
0.03999999999999959
0.0
-0.009999999999999787
0.0
-0.02666666666666684
0.0
0.013333333333333197
-0.009999999999999787
0.013333333333333197
0.03999999999999959
0.0
0.013333333333333197
0.03999999999999959
0.0
0.03999999999999959
0.03999999999999959
0.0
0.0
0.0
0.0
0.0
0.013333333333333197
0.05333333333333323
0.03999999999999959
0.05333333333333323
0.09333333333333327
0.06666666666666643
0.09333333333333327
0.1333333333333333
0.1333333333333333
0.1333333333333333
0.10666666666666691
0.1333333333333333
0.16000000000000014
0.17333333333333334
0.19999999999999973
0.1466666666666665
0.08000000000000007
0.1466666666666665
0.16000000000000014
0.10666666666666691
0.09333333333333327
0.1333333333333333
0.1333333333333333
0.17333333333333334
0.2799999999999998
0.1766666666666663
0.1466666666666665
0.09333333333333327
0.1333333333333333
0.06666666666666643
0.09333333333333327
0.1466666666666665
0.033333333333333215
0.11999999999999966
0.10666666666666691
0.09333333333333327
0.09333333333333327
0.08000000000000007
0.0
0.0
0.03999999999999959
0.0
0.0
0.0
0.0
0.03999999999999959
0.0
-0.009999999999999787
-0.009999999999999787
0.0
0.0
0.03999999999999959
0.03999999999999959
0.013333333333333197
0.013333333333333197
0.013333333333333197
0.0
0.0
0.0
-0.009999999999999787
0.0
0.0
0.03999999999999959
0.0
0.0
0.013333333333333197
0.013333333333333197
-0.009999999999999787
0.0
0.0
0.03999999999999959
0.0
0.013333333333333197
0.0
0.03999999999999959
0.013333333333333197
0.03999999999999959
0.029999999999999805
0.02666666666666684
0.02666666666666684
0.03999999999999959
0.08000000000000007
0.03999999999999959
0.013333333333333197
0.0
0.0
0.013333333333333197
0.0
0.0
0.013333333333333197
0.013333333333333197
0.013333333333333197
0.0
0.013333333333333197
0.0
-0.009999999999999787
0.03999999999999959
-0.009999999999999787
0.03999999999999959
0.0
0.0
0.03999999999999959
0.013333333333333197
0.0
0.03999999999999959
0.013333333333333197
0.0
0.0
0.013333333333333197
-0.009999999999999787
-0.009999999999999787
-0.009999999999999787
0.013333333333333197
0.013333333333333197
0.03999999999999959
0.03999999999999959
0.0
0.0
0.013333333333333197
0.03999999999999959
0.013333333333333197
0.0
0.0
0.0
0.0
0.013333333333333197
0.013333333333333197
0.013333333333333197
0.0
-0.009999999999999787
0.03999999999999959
0.0
0.0
0.0
0.013333333333333197
0.0
0.013333333333333197
-0.009999999999999787
-0.009999999999999787
0.0
0.0
0.0
0.0
0.013333333333333197
0.0
0.0
0.0
-0.02666666666666684
0.0
0.0
0.0
0.013333333333333197
0.0
0.0
0.013333333333333197
-0.02666666666666684
0.013333333333333197
0.0
0.013333333333333197
0.0
0.0
0.013333333333333197
0.013333333333333197
0.013333333333333197
0.03999999999999959
-0.02666666666666684
0.03999999999999959
0.03999999999999959
0.013333333333333197
0.0
0.0
0.03999999999999959
0.013333333333333197
0.03999999999999959
-0.009999999999999787
0.013333333333333197
0.0
0.013333333333333197
0.0
0.013333333333333197
0.0
0.0
0.0
0.0
0.0
0.0
-0.009999999999999787
0.013333333333333197
0.03999999999999959
0.0
-0.009999999999999787
0.0
0.013333333333333197
0.0
0.0
0.013333333333333197
-0.009999999999999787
0.0
0.03999999999999959
0.0
0.03999999999999959
0.0
0.0
0.0
-0.009999999999999787
0.013333333333333197
0.0
0.013333333333333197
0.013333333333333197
0.013333333333333197
0.0
0.03999999999999959
0.013333333333333197
0.0
0.013333333333333197
0.013333333333333197
-0.009999999999999787
0.0
0.0
0.0
0.0
0.0
0.0
0.03999999999999959
0.0033333333333334103
-0.013333333333333197
0.013333333333333197
-0.009999999999999787
0.0
0.0
0.0
0.0
0.0
0.03999999999999959
0.013333333333333197
0.0
0.0
0.03999999999999959
0.0
0.0
-0.009999999999999787
0.013333333333333197
0.0
0.0
0.0
0.0
0.0
0.013333333333333197
0.03999999999999959
0.0
0.0
0.0
0.0
0.013333333333333197
0.03999999999999959
-0.02666666666666684
0.0
-0.009999999999999787
0.013333333333333197
0.0
0.0
-0.009999999999999787
0.0
0.013333333333333197
0.0
0.0
0.03999999999999959
0.0
0.0
0.0
-0.009999999999999787
0.0
0.0
0.0
0.0
0.0
0.0
0.0
0.03999999999999959
0.0
0.0
0.0
0.0
0.0
0.0
0.0
0.0
0.0
-0.009999999999999787
0.0
0.013333333333333197
0.0
0.013333333333333197
0.013333333333333197
0.0
0.03999999999999959
0.0
0.0
-0.009999999999999787
0.0
0.03999999999999959
0.0
0.013333333333333197
0.03999999999999959
0.0
0.013333333333333197
0.0
0.0
0.0
-0.009999999999999787
0.013333333333333197
0.0
0.0
0.013333333333333197
0.013333333333333197
0.0
-0.009999999999999787
0.0
0.0
-0.02666666666666684
0.03999999999999959
-0.009999999999999787
0.013333333333333197
0.013333333333333197
0.0
0.0
0.0
-0.009999999999999787
0.013333333333333197
0.013333333333333197
0.0
0.013333333333333197
0.013333333333333197
0.0
0.0
-0.009999999999999787
0.013333333333333197
0.0
0.0
0.0
0.013333333333333197
0.0
0.0
0.03999999999999959
0.0
0.0
0.0
0.013333333333333197
0.0
0.0
0.013333333333333197
0.0
0.013333333333333197
0.0
0.0
0.0
0.0
0.0
0.013333333333333197
0.0
0.013333333333333197
0.013333333333333197
0.0
0.0
0.013333333333333197
0.013333333333333197
0.0
0.0
0.013333333333333197
0.0
0.03999999999999959
0.0
0.013333333333333197
0.03999999999999959
0.0
0.0
0.013333333333333197
0.0
0.0
0.0
0.013333333333333197
0.0
0.0
-0.013333333333333197
0.0
0.013333333333333197
0.013333333333333197
0.0
0.0
-0.009999999999999787
0.0
0.013333333333333197
0.0
0.03999999999999959
0.03999999999999959
0.0
0.0
0.0
0.0
0.0
0.013333333333333197
-0.009999999999999787
0.0
0.013333333333333197
0.013333333333333197
0.0
0.013333333333333197
0.0
0.0
0.013333333333333197
0.0
0.0
-0.009999999999999787
0.013333333333333197
0.013333333333333197
0.0
0.013333333333333197
0.013333333333333197
0.0
-0.009999999999999787
-0.009999999999999787
0.013333333333333197
0.013333333333333197
0.0
0.0
0.0
0.0
0.0
0.0
0.013333333333333197
0.0
0.013333333333333197
0.0
0.013333333333333197
0.013333333333333197
0.0
0.0
0.0
0.0
0.03999999999999959
0.0
0.013333333333333197
0.03999999999999959
0.03999999999999959
0.0
0.0
0.013333333333333197
0.0
0.013333333333333197
0.0
0.013333333333333197
0.013333333333333197
0.0
-0.009999999999999787
0.0
0.0
0.013333333333333197
-0.009999999999999787
0.0
0.0
0.0
0.0
0.03999999999999959
0.0
0.0
0.0
0.0
0.013333333333333197
0.0
0.013333333333333197
0.013333333333333197
0.013333333333333197
0.0
0.013333333333333197
0.0
0.013333333333333197
0.0
0.0
0.013333333333333197
0.013333333333333197
0.03999999999999959
0.013333333333333197
0.03999999999999959
0.03999999999999959
0.013333333333333197
0.03999999999999959
0.03999999999999959
0.013333333333333197
0.0
0.0
0.013333333333333197
0.03999999999999959
0.0
0.0
0.0
0.013333333333333197
0.0
0.0
0.0
0.0
0.0
0.0
0.013333333333333197
0.05333333333333323
0.05333333333333323
0.11999999999999966
0.043333333333333446
0.08000000000000007
0.03999999999999959
0.029999999999999805
0.03999999999999959
0.05333333333333323
0.03999999999999959
0.03999999999999959
0.029999999999999805
0.029999999999999805
0.03999999999999959
0.03999999999999959
0.05333333333333323
0.07000000000000028
0.08000000000000007
0.11999999999999966
0.08000000000000007
0.11999999999999966
0.16000000000000014
0.16000000000000014
0.16000000000000014
0.17333333333333334
0.10999999999999988
0.07000000000000028
0.08000000000000007
0.029999999999999805
0.08000000000000007
0.11999999999999966
0.11999999999999966
0.07000000000000028
0.07000000000000028
0.020000000000000018
0.09333333333333327
0.16000000000000014
0.11999999999999966
0.11999999999999966
0.08000000000000007
0.09333333333333327
0.11999999999999966
0.09333333333333327
0.08000000000000007
0.08000000000000007
0.09333333333333327
0.09333333333333327
0.09333333333333327
0.07000000000000028
0.08000000000000007
0.08000000000000007
0.11999999999999966
0.08000000000000007
0.08000000000000007
0.09333333333333327
0.11999999999999966
0.11999999999999966
0.08000000000000007
0.08000000000000007
0.1333333333333333
0.08000000000000007
0.029999999999999805
0.07000000000000028
0.08000000000000007
0.013333333333333197
0.013333333333333197
0.0
0.013333333333333197
0.0
0.0
0.013333333333333197
0.013333333333333197
0.0
0.03999999999999959
0.0
0.013333333333333197
0.013333333333333197
0.0
0.0
0.0
0.0
0.03999999999999959
0.0
0.03999999999999959
0.0
0.013333333333333197
0.013333333333333197
0.03999999999999959
-0.009999999999999787
0.013333333333333197
0.0
0.013333333333333197
0.0
-0.009999999999999787
0.0
0.0
0.0
0.0
0.03999999999999959
0.013333333333333197
0.013333333333333197
0.0
0.0
0.0
0.0
0.013333333333333197
-0.009999999999999787
0.0
0.0
0.0
0.0
-0.009999999999999787
0.0
0.013333333333333197
0.0
0.0
0.013333333333333197
0.0
0.013333333333333197
0.013333333333333197
0.013333333333333197
0.03999999999999959
0.03999999999999959
0.013333333333333197
0.0
0.0
0.03999999999999959
0.0
0.013333333333333197
0.013333333333333197
0.0
0.013333333333333197
0.013333333333333197
0.03999999999999959
0.03999999999999959
0.03999999999999959
0.03999999999999959
0.029999999999999805
0.05333333333333323
0.05333333333333323
0.0
0.013333333333333197
0.0
0.013333333333333197
0.0
0.03999999999999959
0.0
-0.009999999999999787
0.013333333333333197
0.0
0.0
0.0
-0.009999999999999787
0.03999999999999959
0.03999999999999959
0.0
0.0
0.0
0.0
0.0
0.0
0.03999999999999959
0.0
0.0
0.0
0.0
0.013333333333333197
0.0
0.013333333333333197
0.0
0.013333333333333197
0.0
0.0
0.03999999999999959
0.013333333333333197
0.0
0.03999999999999959
0.013333333333333197
0.0
0.0
0.0
0.0
0.0
0.013333333333333197
0.0
0.0
0.0
0.03999999999999959
0.0
0.0
0.013333333333333197
0.0
0.013333333333333197
0.03999999999999959
0.0
0.03999999999999959
0.0
0.0
0.0
0.0
0.03999999999999959
0.013333333333333197
0.013333333333333197
0.0
0.0
0.0
0.0
0.0
0.013333333333333197
0.013333333333333197
0.0
0.013333333333333197
0.0
0.0
0.0
0.03999999999999959
0.013333333333333197
0.03999999999999959
0.0
-0.009999999999999787
0.0
0.0
-0.009999999999999787
0.03999999999999959
0.0
0.0
0.0
0.013333333333333197
0.013333333333333197
0.013333333333333197
0.013333333333333197
0.0
0.0
0.0
0.013333333333333197
0.0
-0.009999999999999787
0.0
0.0
0.013333333333333197
0.0
0.0
0.0
0.013333333333333197
-0.009999999999999787
0.0
0.0
0.0
0.013333333333333197
-0.009999999999999787
0.0
0.0
0.0
0.0
0.0
0.0
0.013333333333333197
0.0
0.013333333333333197
0.0
0.0
0.0
0.0
0.013333333333333197
0.0
0.0
0.013333333333333197
0.0
0.0
0.013333333333333197
0.0
0.0
0.0
0.0
0.0
0.013333333333333197
0.0
0.013333333333333197
0.013333333333333197
0.0
0.013333333333333197
0.0
0.0
0.03999999999999959
0.0
0.013333333333333197
0.0
0.013333333333333197
-0.009999999999999787
0.013333333333333197
0.013333333333333197
0.0
0.013333333333333197
0.0
0.0
0.013333333333333197
0.013333333333333197
-0.009999999999999787
-0.02666666666666684
0.0
0.013333333333333197
0.03999999999999959
0.03999999999999959
0.03999999999999959
0.03999999999999959
0.0
0.0
0.0
0.013333333333333197
0.0
0.03999999999999959
0.0
0.013333333333333197
0.0
0.0
0.0
0.0
0.0
-0.009999999999999787
0.013333333333333197
0.0
0.0
0.0
0.0
0.03999999999999959
0.0
-0.009999999999999787
0.013333333333333197
0.013333333333333197
0.0
0.03999999999999959
-0.009999999999999787
0.013333333333333197
0.0
-0.009999999999999787
0.0
0.0
0.03999999999999959
0.013333333333333197
-0.009999999999999787
0.013333333333333197
0.0
-0.009999999999999787
0.0
0.013333333333333197
0.013333333333333197
0.0
0.0
0.03999999999999959
0.03999999999999959
-0.009999999999999787
0.0
0.013333333333333197
-0.009999999999999787
0.0
0.0
0.013333333333333197
0.0
0.0
0.0
0.0
0.013333333333333197
0.0
0.03999999999999959
0.0
0.03999999999999959
0.013333333333333197
0.013333333333333197
0.013333333333333197
0.013333333333333197
0.0
0.0
0.0
-0.009999999999999787
-0.009999999999999787
0.013333333333333197
-0.009999999999999787
0.0
0.0
0.013333333333333197
0.03999999999999959
0.0
0.013333333333333197
0.08333333333333348
0.11999999999999966
0.020000000000000018
0.08000000000000007
0.03999999999999959
0.03999999999999959
0.029999999999999805
0.03999999999999959
0.05333333333333323
0.05333333333333323
0.029999999999999805
0.03999999999999959
0.05333333333333323
0.03999999999999959
0.08000000000000007
0.03999999999999959
0.03999999999999959
0.07000000000000028
0.09333333333333327
0.11999999999999966
0.03999999999999959
0.05333333333333323
0.03999999999999959
0.03999999999999959
0.03999999999999959
0.03999999999999959
0.05333333333333323
0.013333333333333197
0.03999999999999959
0.08000000000000007
0.03999999999999959
0.08000000000000007
0.03999999999999959
0.03999999999999959
0.05333333333333323
0.03999999999999959
0.05333333333333323
0.08000000000000007
0.03999999999999959
0.03999999999999959
0.03999999999999959
0.03999999999999959
0.029999999999999805
0.03999999999999959
0.05333333333333323
0.03999999999999959
0.05333333333333323
0.05333333333333323
0.029999999999999805
0.08000000000000007
0.029999999999999805
0.05333333333333323
0.03999999999999959
0.05333333333333323
0.03999999999999959
0.03999999999999959
0.05333333333333323
0.013333333333333197
0.013333333333333197
0.0
0.013333333333333197
0.03999999999999959
0.05333333333333323
0.029999999999999805
0.07000000000000028
0.08000000000000007
0.09333333333333327
0.08000000000000007
0.03999999999999959
0.03999999999999959
0.0033333333333334103
0.029999999999999805
0.03999999999999959
0.0033333333333334103
0.03999999999999959
0.013333333333333197
0.0
0.0
0.0
0.0
0.0
0.013333333333333197
0.013333333333333197
0.0
0.0
0.03999999999999959
0.0
0.0
0.0
0.03999999999999959
0.013333333333333197
-0.009999999999999787
0.013333333333333197
0.0
0.0
-0.009999999999999787
0.03999999999999959
0.0
0.0
0.03999999999999959
0.0
0.0
0.0
-0.009999999999999787
0.03999999999999959
0.013333333333333197
0.0
0.013333333333333197
0.0
0.0
0.0
-0.009999999999999787
0.03999999999999959
0.0
0.0
0.0
0.0
0.013333333333333197
0.0
0.0
0.03999999999999959
0.0
0.0
0.03999999999999959
0.0
0.0
0.0
0.0
0.013333333333333197
0.0
0.013333333333333197
0.03999999999999959
0.013333333333333197
0.0
0.013333333333333197
0.0
0.0
0.013333333333333197
0.0
0.013333333333333197
0.0
0.0
0.0
0.013333333333333197
0.0
-0.009999999999999787
0.013333333333333197
0.013333333333333197
0.013333333333333197
0.013333333333333197
0.03999999999999959
0.013333333333333197
0.013333333333333197
0.013333333333333197
0.0
0.0
0.03999999999999959
0.013333333333333197
-0.009999999999999787
0.03999999999999959
0.03999999999999959
0.05333333333333323
0.05333333333333323
0.03999999999999959
0.05333333333333323
0.03999999999999959
0.05333333333333323
0.11999999999999966
0.08000000000000007
0.08000000000000007
0.07000000000000028
0.09333333333333327
0.08000000000000007
0.043333333333333446
0.07000000000000028
0.08000000000000007
0.08000000000000007
0.08000000000000007
0.08000000000000007
0.07000000000000028
0.09333333333333327
0.08000000000000007
0.07000000000000028
0.11999999999999966
0.21333333333333337
0.2400000000000002
0.1499999999999999
0.08333333333333348
0.11999999999999966
0.08000000000000007
0.09333333333333327
0.09333333333333327
0.11999999999999966
0.08000000000000007
0.11999999999999966
0.013333333333333197
0.0
0.0
0.013333333333333197
0.013333333333333197
0.0
0.03999999999999959
0.0
-0.009999999999999787
0.013333333333333197
0.0
0.013333333333333197
0.013333333333333197
0.03999999999999959
0.0
0.03999999999999959
0.0
-0.02666666666666684
0.013333333333333197
0.0
0.03999999999999959
0.0
0.03999999999999959
0.013333333333333197
0.0
0.0
0.013333333333333197
0.03999999999999959
0.0
-0.009999999999999787
0.0
0.0
0.0
0.0
0.013333333333333197
0.0
0.0
0.0
0.0
0.03999999999999959
0.03999999999999959
0.03999999999999959
0.0
0.03999999999999959
0.03999999999999959
0.03999999999999959
0.0
0.013333333333333197
0.0
0.013333333333333197
0.03999999999999959
0.013333333333333197
0.0
0.013333333333333197
0.0
0.0
0.0
0.03999999999999959
0.0
0.0
0.013333333333333197
0.013333333333333197
0.03999999999999959
0.03999999999999959
0.0
0.013333333333333197
0.03999999999999959
0.0
0.0
0.013333333333333197
0.0
0.0
0.0
0.013333333333333197
-0.02666666666666684
0.0
0.013333333333333197
0.0
0.0
0.03999999999999959
0.0
-0.009999999999999787
0.013333333333333197
0.013333333333333197
0.013333333333333197
-0.009999999999999787
0.0
0.0
0.013333333333333197
0.03999999999999959
0.0
0.0
0.0
0.013333333333333197
0.0
0.013333333333333197
0.0
0.013333333333333197
0.013333333333333197
0.0
-0.009999999999999787
0.0
0.0
0.0
0.03999999999999959
0.013333333333333197
0.013333333333333197
0.013333333333333197
0.0
0.0
0.0
0.0
0.03999999999999959
0.0
0.013333333333333197
0.013333333333333197
0.0
0.03999999999999959
0.013333333333333197
0.0
0.03999999999999959
0.013333333333333197
0.0
0.0
0.013333333333333197
0.013333333333333197
0.0
0.0
0.0
0.013333333333333197
0.0
-0.009999999999999787
0.013333333333333197
0.0
0.03999999999999959
0.0
0.013333333333333197
0.013333333333333197
0.0
0.03999999999999959
0.03999999999999959
0.013333333333333197
0.0
0.0
0.013333333333333197
0.0
0.0
0.0
0.0
0.0
0.0
0.013333333333333197
0.013333333333333197
0.013333333333333197
-0.009999999999999787
0.013333333333333197
0.0
0.0
0.03999999999999959
0.0
0.0
0.013333333333333197
0.0
0.0
0.03999999999999959
0.0
0.0
0.0
-0.009999999999999787
0.0
0.0
0.0
0.013333333333333197
0.0
-0.009999999999999787
0.013333333333333197
0.0
0.0
0.0
0.0
0.0
0.0
0.013333333333333197
0.0
0.0
0.013333333333333197
0.013333333333333197
0.0
0.0
0.0
0.013333333333333197
0.013333333333333197
0.0
-0.009999999999999787
0.0
0.03999999999999959
0.013333333333333197
0.03999999999999959
0.0
0.03999999999999959
0.03999999999999959
0.0
0.013333333333333197
0.0
0.03999999999999959
0.0
0.0
0.03999999999999959
0.0
0.0
0.0
0.03999999999999959
0.0
0.013333333333333197
0.0
-0.009999999999999787
0.013333333333333197
0.0
0.013333333333333197
0.0
0.0
0.03999999999999959
0.0
0.0
0.0
-0.009999999999999787
0.0
0.013333333333333197
0.0
0.013333333333333197
-0.009999999999999787
0.013333333333333197
0.0
0.013333333333333197
-0.009999999999999787
0.0
0.0
0.013333333333333197
0.03999999999999959
-0.009999999999999787
0.0
0.013333333333333197
0.03999999999999959
-0.02666666666666684
0.0
0.013333333333333197
0.0
0.013333333333333197
0.013333333333333197
-0.009999999999999787
0.0
0.03999999999999959
0.013333333333333197
0.03999999999999959
0.0
0.03999999999999959
-0.009999999999999787
0.0033333333333334103
-0.009999999999999787
-0.009999999999999787
-0.009999999999999787
0.0033333333333334103
-0.020000000000000018
-0.009999999999999787
0.0
0.0
0.013333333333333197
0.0
0.0
0.013333333333333197
0.0
0.0
0.0
0.013333333333333197
0.0
0.0
-0.009999999999999787
0.0
0.013333333333333197
0.0
0.013333333333333197
0.013333333333333197
0.03999999999999959
0.0
0.0
0.0
0.0
0.03999999999999959
0.0
0.0
0.0
0.0
0.0
0.013333333333333197
0.0
-0.009999999999999787
0.013333333333333197
0.0
0.0
0.0
0.0
0.0
0.03999999999999959
0.0
0.0
-0.009999999999999787
0.013333333333333197
0.013333333333333197
0.03999999999999959
0.013333333333333197
0.0
0.013333333333333197
-0.009999999999999787
0.0
0.013333333333333197
0.0
0.0
0.0
0.0
0.0
-0.009999999999999787
0.0
0.013333333333333197
0.013333333333333197
0.0
0.0
0.0
0.013333333333333197
0.013333333333333197
0.03999999999999959
0.0
0.0
0.013333333333333197
0.0
0.013333333333333197
0.0
0.013333333333333197
0.0
-0.009999999999999787
0.0
0.013333333333333197
0.013333333333333197
0.0
0.0
0.0
0.0
0.03999999999999959
0.0
0.0
0.03999999999999959
0.0
0.013333333333333197
0.03999999999999959
0.013333333333333197
0.03999999999999959
0.0
0.013333333333333197
0.0
-0.009999999999999787
0.0
0.0
0.0
0.0
0.0
0.0
0.013333333333333197
0.03999999999999959
0.013333333333333197
0.0
0.0
0.0
0.03999999999999959
0.013333333333333197
0.0
0.0
-0.009999999999999787
0.0
0.013333333333333197
0.0
0.0
0.013333333333333197
0.013333333333333197
0.0
0.0
0.0
0.0
0.0
-0.009999999999999787
0.0
0.0
0.0
0.0
0.0
0.0
0.0
0.013333333333333197
0.0
0.013333333333333197
-0.009999999999999787
0.0
0.0
-0.009999999999999787
0.0
0.0
0.03999999999999959
-0.02666666666666684
0.0
0.0
0.0
0.013333333333333197
0.013333333333333197
0.013333333333333197
0.0
0.013333333333333197
0.013333333333333197
-0.009999999999999787
0.0
0.0
0.013333333333333197
0.0
0.0
0.03999999999999959
0.03999999999999959
0.0
0.0
-0.009999999999999787
0.0
0.0
0.013333333333333197
0.0
0.013333333333333197
0.0
0.03999999999999959
0.013333333333333197
0.013333333333333197
0.013333333333333197
-0.009999999999999787
0.013333333333333197
0.03999999999999959
0.0
0.013333333333333197
0.0
0.0
0.013333333333333197
0.03999999999999959
0.013333333333333197
0.0
0.0
0.013333333333333197
0.0
0.03999999999999959
0.0
0.013333333333333197
0.03999999999999959
0.03999999999999959
0.013333333333333197
0.0
0.0
0.013333333333333197
0.03999999999999959
0.03999999999999959
0.0
0.013333333333333197
0.0
0.0
0.0
0.0
0.013333333333333197
0.013333333333333197
0.013333333333333197
0.0
0.0
0.03999999999999959
0.0
0.0
0.013333333333333197
0.0
0.0
0.03999999999999959
0.03999999999999959
0.0
0.013333333333333197
0.03999999999999959
0.0
0.03999999999999959
0.0
0.0
0.0
0.0
0.0
0.0
0.0
0.013333333333333197
0.03999999999999959
0.0
0.013333333333333197
0.03999999999999959
0.0
0.0
-0.009999999999999787
0.0
0.0
0.03999999999999959
0.013333333333333197
0.013333333333333197
0.0
0.0
0.013333333333333197
0.013333333333333197
0.013333333333333197
0.013333333333333197
0.0
0.013333333333333197
0.03999999999999959
0.03999999999999959
-0.009999999999999787
0.013333333333333197
0.03999999999999959
0.0
0.03999999999999959
0.0
0.0
-0.02666666666666684
0.0
0.013333333333333197
0.013333333333333197
0.013333333333333197
0.03999999999999959
0.0
0.03999999999999959
-0.009999999999999787
0.03999999999999959
0.0
0.013333333333333197
0.013333333333333197
0.013333333333333197
0.0
0.013333333333333197
0.013333333333333197
0.0
0.03999999999999959
0.0
0.013333333333333197
