-0.12666666666666693
-0.13000000000000034
0.08333333333333348
0.08333333333333348
-0.16000000000000014
-0.05333333333333323
-0.1166666666666667
-0.12333333333333307
-0.046666666666666856
-0.07000000000000028
-0.023333333333333428
0.24333333333333362
0.19999999999999973
0.29666666666666686
0.17333333333333334
0.1466666666666665
0.08333333333333348
0.11333333333333329
-0.013333333333333197
0.5566666666666666
0.33000000000000007
0.27
0.2799999999999998
0.5966666666666662
0.6533333333333338
0.8033333333333332
0.6600000000000001
0.5666666666666664
0.5366666666666666
0.6233333333333331
0.5533333333333332
0.6333333333333333
0.5500000000000003
0.5233333333333334
0.6699999999999999
0.6833333333333336
0.4933333333333336
0.7100000000000004
0.6966666666666668
0.8399999999999999
0.5733333333333337
0.7366666666666668
0.8866666666666667
0.8433333333333333
0.5466666666666669
0.6566666666666667
0.7533333333333334
0.8633333333333333
0.73
0.9066666666666667
0.7266666666666666
0.6066666666666669
0.7566666666666664
0.8399999999999999
0.6033333333333335
1.0066666666666668
0.5733333333333337
0.6133333333333333
0.69
0.7066666666666666
0.8066666666666666
0.41999999999999993
0.6133333333333333
0.9199999999999999
0.5966666666666662
0.6566666666666667
0.7100000000000004
0.6466666666666665
0.6699999999999999
0.6033333333333335
0.5333333333333332
0.5666666666666664
0.8300000000000001
0.813333333333333
0.9033333333333338
0.73
0.6433333333333331
0.5233333333333334
0.44999999999999973
0.41999999999999993
0.5333333333333332
0.6633333333333336
0.7533333333333334
0.6699999999999999
0.8000000000000003
1.0266666666666664
0.9766666666666666
0.9199999999999999
0.8466666666666662
1.0533333333333337
1.0233333333333334
1.2599999999999998
1.1433333333333335
1.33
1.326666666666667
1.206666666666666
1.5700000000000003
1.4699999999999998
1.5266666666666664
1.6399999999999997
1.5499999999999998
1.58
1.626666666666667
1.7333333333333334
1.7866666666666662
1.833333333333333
1.87
1.8966666666666665
1.9666666666666668
2.203333333333333
1.8966666666666665
2.0633333333333335
2.156666666666667
2.1799999999999997
2.163333333333333
2.5199999999999996
2.4833333333333334
2.25
2.243333333333333
2.1333333333333337
2.2800000000000002
2.420000000000001
2.4033333333333333
2.4033333333333333
2.4366666666666665
2.383333333333333
2.376666666666666
2.546666666666667
2.4466666666666663
2.423333333333333
2.5199999999999996
2.46
2.6533333333333333
2.63
2.793333333333333
2.8966666666666674
2.7699999999999996
2.753333333333334
2.6566666666666663
2.8966666666666674
2.7633333333333328
2.8033333333333337
2.6766666666666667
2.88
2.996666666666666
3.1066666666666665
3.2
3.286666666666666
3.326666666666667
3.1400000000000006
3.29
3.41
3.3599999999999994
3.37
3.37
3.420000000000001
3.5933333333333337
3.41
3.5100000000000007
3.7
3.6000000000000005
3.583333333333333
3.6000000000000005
3.66
3.8500000000000005
3.7600000000000007
3.8
3.75
3.7
3.71
3.71
3.6000000000000005
3.55
3.6000000000000005
3.533333333333334
3.5599999999999996
3.71
3.7
3.8
3.6499999999999995
3.5
3.7
3.7
3.71
3.5599999999999996
3.55
3.5599999999999996
3.5733333333333333
3.66
3.55
3.5599999999999996
3.75
3.8099999999999996
3.8
3.7
3.5599999999999996
3.6000000000000005
3.75
3.66
3.75
3.7
3.8
3.6000000000000005
3.8
3.66
3.7600000000000007
3.6099999999999994
3.75
3.583333333333333
3.7
3.673333333333333
3.7
3.45
3.6499999999999995
3.6099999999999994
3.55
3.6000000000000005
3.6499999999999995
3.75
3.833333333333333
3.71
3.8500000000000005
3.8099999999999996
3.6499999999999995
3.8500000000000005
3.6499999999999995
3.66
3.75
3.8500000000000005
3.75
3.7
3.7600000000000007
3.7
3.6499999999999995
3.75
3.66
3.71
3.66
3.75
3.6000000000000005
3.6000000000000005
3.6499999999999995
3.8099999999999996
3.75
3.6499999999999995
3.8099999999999996
3.8
3.75
3.8599999999999994
3.8
3.71
3.923333333333333
3.7600000000000007
3.75
3.8599999999999994
3.8099999999999996
3.8599999999999994
3.833333333333333
3.8500000000000005
3.8
3.8599999999999994
3.8500000000000005
3.66
3.8500000000000005
3.783333333333334
3.7600000000000007
3.8599999999999994
3.95
3.6000000000000005
3.8599999999999994
3.8
3.8099999999999996
3.8099999999999996
3.91
3.8500000000000005
3.7600000000000007
3.8
3.71
3.7
3.8500000000000005
3.7233333333333336
3.75
3.8
3.8
3.7
3.783333333333334
3.71
3.6000000000000005
3.7600000000000007
3.8
3.533333333333334
3.75
3.6499999999999995
3.7
3.6099999999999994
3.7
3.673333333333333
3.6000000000000005
3.55
3.5
3.6099999999999994
3.55
3.55
3.5100000000000007
3.5599999999999996
3.3999999999999995
3.3
3.46
3.45
3.6000000000000005
3.6099999999999994
3.5599999999999996
3.5100000000000007
3.45
3.5599999999999996
3.55
3.3500000000000005
3.423333333333333
3.6499999999999995
3.5599999999999996
3.6499999999999995
3.623333333333334
3.583333333333333
3.7
3.7
3.7
3.7600000000000007
3.75
3.7
3.8500000000000005
3.8099999999999996
3.7600000000000007
3.6499999999999995
3.6099999999999994
3.66
3.71
3.5599999999999996
3.71
3.75
3.6499999999999995
3.8099999999999996
3.8500000000000005
3.75
3.71
3.8
3.8599999999999994
3.75
3.75
3.6000000000000005
3.833333333333333
3.8099999999999996
3.7600000000000007
3.91
3.8099999999999996
3.95
3.8999999999999995
3.8
3.8
3.6499999999999995
3.7600000000000007
3.8
3.8999999999999995
3.8099999999999996
3.75
3.75
3.75
3.6499999999999995
3.71
3.7
3.8
3.75
3.75
3.7
3.7600000000000007
3.6499999999999995
3.55
3.6499999999999995
3.6099999999999994
3.66
3.66
3.6499999999999995
3.6000000000000005
3.4333333333333336
3.45
3.3
3.21
3.25
3.2600000000000007
3.2
3.2
3.16
3.21
2.9333333333333336
3.2600000000000007
3.1000000000000005
3.05
3.1000000000000005
2.883333333333333
3.1099999999999994
3.1499999999999995
3.1499999999999995
3.3500000000000005
3.1833333333333336
3.2600000000000007
3.3
3.16
3.25
3.25
3.3599999999999994
3.41
3.41
3.6499999999999995
3.5599999999999996
3.6499999999999995
3.7
3.583333333333333
3.45
3.7600000000000007
3.7600000000000007
3.75
3.75
3.7600000000000007
3.66
3.75
3.8500000000000005
3.8
3.6499999999999995
3.71
3.6499999999999995
3.75
3.66
3.8099999999999996
3.7600000000000007
3.7600000000000007
3.75
3.7600000000000007
3.5599999999999996
3.66
3.75
3.7600000000000007
3.75
3.6000000000000005
3.7733333333333334
3.8233333333333333
3.7600000000000007
3.8
3.75
3.7600000000000007
3.6000000000000005
3.8500000000000005
3.75
3.71
3.8500000000000005
3.8999999999999995
3.66
3.783333333333334
3.7600000000000007
3.71
3.7600000000000007
3.8
3.75
3.55
3.8
3.8
3.75
3.6499999999999995
3.8
3.75
3.55
3.75
3.66
3.55
3.6499999999999995
3.6099999999999994
3.6000000000000005
3.5
3.5599999999999996
3.46
3.46
3.5599999999999996
3.533333333333334
3.4833333333333334
3.5599999999999996
3.5
3.5599999999999996
3.66
3.6499999999999995
3.6099999999999994
3.8
3.8500000000000005
3.71
3.673333333333333
3.7600000000000007
3.7
3.8500000000000005
3.8099999999999996
3.75
3.8599999999999994
3.75
3.91
3.8
3.91
3.8500000000000005
3.8599999999999994
3.8099999999999996
3.95
3.8099999999999996
3.71
3.8
3.75
3.8999999999999995
3.96
3.8500000000000005
3.8599999999999994
3.7
3.75
3.75
3.7
3.8
3.8
3.71
3.8500000000000005
3.8099999999999996
3.8500000000000005
3.6099999999999994
3.6833333333333336
3.583333333333333
3.55
3.8
3.8500000000000005
3.55
3.71
3.6499999999999995
3.8
3.66
3.71
3.7600000000000007
3.75
3.7600000000000007
3.8
3.7600000000000007
3.6099999999999994
3.71
3.6499999999999995
3.55
3.46
3.4833333333333334
3.46
3.5
3.583333333333333
3.4833333333333334
3.6499999999999995
3.4833333333333334
3.6000000000000005
3.45
3.45
3.7
3.5100000000000007
3.6499999999999995
3.3500000000000005
3.5599999999999996
3.71
3.579999999999999
3.4400000000000004
3.4800000000000004
3.453333333333333
3.5199999999999996
3.37
3.38
3.329999999999999
3.3133333333333335
3.4299999999999997
3.3200000000000003
3.329999999999999
3.3633333333333333
3.2633333333333328
3.3500000000000005
3.1466666666666674
3.1799999999999997
3.043333333333333
3.003333333333334
3.2199999999999998
3.2333333333333334
3.13
3.1133333333333333
3.21
3.3900000000000006
3.253333333333334
3.163333333333333
3.3099999999999996
3.3200000000000003
3.243333333333333
3.3933333333333335
3.253333333333334
3.4800000000000004
3.34
3.38
3.420000000000001
3.4833333333333334
3.62
3.5599999999999996
3.579999999999999
3.5700000000000003
3.5533333333333337
3.5199999999999996
3.62
3.66
3.6433333333333335
3.5700000000000003
3.4699999999999998
3.4299999999999997
3.170000000000001
3.293333333333333
3.170000000000001
3.41
3.2699999999999996
3.2600000000000007
3.4433333333333325
3.21
3.41
3.3599999999999994
3.3500000000000005
3.41
3.3599999999999994
3.41
3.6499999999999995
3.6499999999999995
3.6499999999999995
3.6000000000000005
3.6099999999999994
3.46
3.583333333333333
3.71
3.5599999999999996
3.71
3.6499999999999995
3.5100000000000007
3.45
3.3999999999999995
3.46
3.533333333333334
3.3999999999999995
3.533333333333334
3.41
3.46
3.45
3.45
3.46
3.5
3.6000000000000005
3.46
3.423333333333333
3.3599999999999994
3.46
3.5
3.45
3.46
3.2
3.25
3.3099999999999996
3.3099999999999996
3.25
3.2
3.3
3.2600000000000007
3.3
3.3500000000000005
3.4733333333333336
3.4333333333333336
3.41
3.3599999999999994
3.46
3.6099999999999994
3.6000000000000005
3.5100000000000007
3.4333333333333336
3.55
3.46
3.583333333333333
3.45
3.5599999999999996
3.3599999999999994
3.3999999999999995
3.5
3.55
3.6499999999999995
3.6099999999999994
3.6099999999999994
3.6099999999999994
3.6000000000000005
3.5599999999999996
3.6499999999999995
3.7
3.833333333333333
3.8
3.6000000000000005
3.66
3.71
3.75
3.75
3.8500000000000005
3.6099999999999994
3.6499999999999995
3.71
3.7
3.7
3.66
3.6833333333333336
3.6499999999999995
3.8099999999999996
3.8
3.75
3.8599999999999994
3.8
3.8
3.75
3.8999999999999995
3.8
3.71
3.8500000000000005
3.8599999999999994
3.7600000000000007
3.91
3.8500000000000005
3.8
3.8599999999999994
3.75
3.633333333333333
3.7600000000000007
3.8099999999999996
3.71
3.8500000000000005
3.8099999999999996
3.6499999999999995
3.7600000000000007
3.7600000000000007
3.71
3.66
3.62
3.4299999999999997
3.6400000000000006
3.6099999999999994
3.3599999999999994
3.59
3.670000000000001
3.6900000000000004
3.6099999999999994
3.62
3.670000000000001
3.5300000000000002
3.54
3.579999999999999
3.5633333333333335
3.5700000000000003
3.66
3.7199999999999998
3.633333333333333
3.75
3.71
3.7
3.6099999999999994
3.95
3.8233333333333333
3.71
3.7600000000000007
3.7600000000000007
3.7600000000000007
3.7600000000000007
3.8
3.91
3.7600000000000007
3.71
3.66
3.71
3.91
3.91
3.8
3.8599999999999994
3.883333333333333
3.7
3.8999999999999995
3.8500000000000005
3.8999999999999995
3.8
3.883333333333333
3.96
3.91
3.91
3.8999999999999995
3.91
3.91
3.783333333333334
3.8
3.96
3.95
3.75
3.783333333333334
3.8599999999999994
3.783333333333334
3.8500000000000005
3.91
3.833333333333333
3.8599999999999994
3.8599999999999994
3.8500000000000005
3.8599999999999994
3.66
3.8099999999999996
3.8500000000000005
3.7600000000000007
3.8
3.8599999999999994
3.8599999999999994
3.8
3.8599999999999994
3.8200000000000003
3.670000000000001
3.743333333333333
3.8099999999999996
3.8599999999999994
3.8099999999999996
3.5100000000000007
3.5100000000000007
3.66
3.5700000000000003
3.62
3.8200000000000003
3.670000000000001
3.5599999999999996
3.6499999999999995
3.66
3.6099999999999994
3.71
3.7600000000000007
3.7
3.8
3.7
3.8999999999999995
3.75
3.7
3.8599999999999994
3.8999999999999995
3.8599999999999994
3.8099999999999996
3.8999999999999995
3.8599999999999994
3.8099999999999996
3.96
3.8099999999999996
3.8
3.75
3.8099999999999996
3.8500000000000005
3.8099999999999996
3.8999999999999995
3.673333333333333
3.8999999999999995
3.8599999999999994
3.8099999999999996
3.6499999999999995
3.8599999999999994
3.7600000000000007
3.95
3.71
3.7
3.8500000000000005
3.71
3.5
3.5100000000000007
3.5
3.5599999999999996
3.6099999999999994
3.5599999999999996
3.6499999999999995
3.8
3.7600000000000007
3.6499999999999995
3.75
3.7
3.6499999999999995
3.6499999999999995
3.7
3.8
3.8599999999999994
3.8
3.75
3.6499999999999995
3.8099999999999996
3.66
3.6499999999999995
3.8500000000000005
3.8500000000000005
3.8999999999999995
3.8599999999999994
3.923333333333333
3.8
3.8
3.7600000000000007
3.8599999999999994
3.7
3.7600000000000007
3.7
3.8999999999999995
3.8099999999999996
3.783333333333334
3.8500000000000005
3.8500000000000005
3.95
3.8
3.7600000000000007
3.8500000000000005
3.91
3.8999999999999995
3.8599999999999994
3.75
3.75
3.783333333333334
3.71
3.8500000000000005
3.8099999999999996
3.8
3.7
3.75
3.8
3.7
3.6099999999999994
3.8099999999999996
3.7233333333333336
3.7733333333333334
3.8599999999999994
3.95
3.8233333333333333
3.75
3.8500000000000005
3.8
3.6499999999999995
3.66
3.7
3.55
3.5100000000000007
3.6099999999999994
3.75
3.7
3.71
3.7
3.66
3.7733333333333334
3.75
3.8099999999999996
3.8999999999999995
3.6833333333333336
3.8500000000000005
3.8999999999999995
3.7600000000000007
3.91
3.8500000000000005
3.7600000000000007
3.71
3.8
3.8099999999999996
3.6499999999999995
3.66
3.8500000000000005
3.8
3.66
3.6833333333333336
3.7233333333333336
3.7
3.66
3.71
3.62
3.6099999999999994
3.41
3.7199999999999998
3.71
3.71
3.71
3.5599999999999996
3.7
3.66
3.55
3.6000000000000005
3.55
3.7
3.55
3.75
3.75
3.75
3.71
3.6099999999999994
3.5599999999999996
3.6000000000000005
3.6499999999999995
3.6499999999999995
3.7
3.7600000000000007
3.55
3.75
3.8500000000000005
3.66
3.7
3.66
3.6099999999999994
3.8500000000000005
3.8099999999999996
3.6833333333333336
3.8999999999999995
3.8500000000000005
3.8099999999999996
3.71
3.7600000000000007
3.6099999999999994
3.6000000000000005
3.8
3.5
3.8
3.8500000000000005
3.5599999999999996
3.7
3.55
3.66
3.6499999999999995
3.7
3.7
3.6499999999999995
3.71
3.7
3.71
3.66
3.71
3.8
3.66
3.7
3.66
3.8999999999999995
3.91
3.75
4.0
3.7600000000000007
3.8999999999999995
3.95
3.8233333333333333
3.8599999999999994
3.75
3.95
3.75
3.91
3.8999999999999995
3.7
3.75
3.75
3.8599999999999994
3.8
3.8099999999999996
3.6499999999999995
3.71
3.8099999999999996
3.7
3.71
3.7600000000000007
3.71
3.75
3.66
3.7600000000000007
3.75
3.8
3.8099999999999996
3.7
3.8099999999999996
3.6499999999999995
3.6099999999999994
3.5
3.6099999999999994
3.6499999999999995
3.6833333333333336
3.66
3.8500000000000005
3.75
3.7600000000000007
3.71
3.7600000000000007
3.8099999999999996
3.66
3.7600000000000007
3.8599999999999994
3.8500000000000005
3.8599999999999994
3.7
3.6499999999999995
3.6499999999999995
3.71
3.71
3.6499999999999995
3.7
3.66
3.66
3.55
3.7
3.5599999999999996
3.8500000000000005
3.66
3.75
3.45
3.6000000000000005
3.5100000000000007
3.6499999999999995
3.55
3.6099999999999994
3.6000000000000005
3.3099999999999996
3.46
3.3999999999999995
3.3999999999999995
3.3500000000000005
3.55
3.5599999999999996
3.6099999999999994
3.6499999999999995
3.6000000000000005
3.6499999999999995
3.45
3.6499999999999995
3.55
3.41
3.45
3.3
3.2
3.2600000000000007
3.3
3.0100000000000007
3.0100000000000007
3.0
3.0599999999999996
2.91
3.0
3.05
3.2
3.41
3.3999999999999995
3.3999999999999995
3.5
3.5100000000000007
3.6099999999999994
3.66
3.7
3.6499999999999995
3.6499999999999995
3.6099999999999994
3.71
3.66
3.5100000000000007
3.46
3.6000000000000005
3.71
3.673333333333333
3.7233333333333336
3.7600000000000007
3.5599999999999996
3.7
3.66
3.75
3.8099999999999996
3.75
3.8500000000000005
3.75
3.8500000000000005
3.8
3.8
3.7600000000000007
3.8
3.8500000000000005
3.7600000000000007
3.7
3.71
3.8
3.66
3.62
3.670000000000001
3.6099999999999994
3.66
3.7
3.7
3.7
3.71
3.5700000000000003
3.670000000000001
3.71
3.7199999999999998
3.6499999999999995
3.8233333333333333
3.8099999999999996
3.8500000000000005
3.7600000000000007
3.71
3.673333333333333
3.8599999999999994
3.7600000000000007
3.7600000000000007
3.8
3.7600000000000007
3.8
3.8
3.8599999999999994
3.75
3.8099999999999996
3.75
3.75
3.8500000000000005
3.91
3.7600000000000007
3.7600000000000007
3.8099999999999996
3.8
3.91
3.8500000000000005
3.8099999999999996
3.8
3.66
3.55
3.5100000000000007
3.66
3.5100000000000007
3.46
3.6000000000000005
3.55
3.533333333333334
3.55
3.6099999999999994
3.6000000000000005
3.583333333333333
3.6099999999999994
3.6099999999999994
3.6099999999999994
3.7600000000000007
3.71
3.66
3.8
3.66
3.75
3.71
3.6000000000000005
3.75
3.8099999999999996
3.783333333333334
3.8099999999999996
3.7600000000000007
3.71
3.7
3.6000000000000005
3.5599999999999996
3.6499999999999995
3.66
3.71
3.8
3.75
3.8
3.8099999999999996
3.7199999999999998
3.7300000000000004
3.6000000000000005
3.59
3.54
3.7
3.6900000000000004
3.6900000000000004
3.59
3.6499999999999995
3.5300000000000002
3.5599999999999996
3.46
3.5100000000000007
3.34
3.4800000000000004
3.5100000000000007
3.5700000000000003
3.5199999999999996
3.420000000000001
3.34
3.4400000000000004
3.37
3.3200000000000003
3.25
3.2
3.25
3.0599999999999996
3.0700000000000003
2.920000000000001
2.84
2.7199999999999998
2.7199999999999998
2.5599999999999996
2.54
2.45
2.3500000000000005
2.25
2.34
2.33
2.1499999999999995
2.0
1.96
1.7999999999999998
1.7800000000000002
1.8399999999999999
1.67
1.63
1.62
1.54
1.5
1.4699999999999998
1.42
1.4400000000000004
1.6000000000000005
1.5499999999999998
1.4799999999999995
1.71
1.42
1.2299999999999995
1.1799999999999997
1.1399999999999997
1.2000000000000002
1.2299999999999995
1.0899999999999999
1.1100000000000003
1.1900000000000004
0.8999999999999999
0.8999999999999999
0.8833333333333333
0.9100000000000001
0.8800000000000003
0.9100000000000001
0.8699999999999997
0.9100000000000001
0.8599999999999999
0.8300000000000001
0.8666666666666667
0.75
0.6300000000000003
0.5399999999999996
0.5
0.44999999999999973
0.4600000000000004
0.30000000000000027
0.3200000000000003
0.2200000000000002
0.18999999999999995
0.18999999999999995
0.18999999999999995
0.17999999999999972
0.10999999999999988
0.10999999999999988
0.10999999999999988
0.07000000000000028
0.08000000000000007
0.07000000000000028
0.03999999999999959
0.029999999999999805
0.08000000000000007
0.08000000000000007
0.029999999999999805
0.029999999999999805
0.029999999999999805
0.08000000000000007
0.08000000000000007
0.029999999999999805
0.03999999999999959
0.03999999999999959
0.08000000000000007
0.03999999999999959
0.029999999999999805
0.029999999999999805
0.03999999999999959
0.029999999999999805
0.03999999999999959
0.08000000000000007
0.03999999999999959
0.029999999999999805
0.08000000000000007
0.08000000000000007
0.03999999999999959
0.08000000000000007
0.029999999999999805
0.029999999999999805
0.03999999999999959
0.03999999999999959
0.08000000000000007
0.03999999999999959
0.029999999999999805
-0.009999999999999787
0.0
0.0
-0.009999999999999787
0.03999999999999959
0.0
0.0
0.0
0.0
0.0
0.0
0.03999999999999959
0.03999999999999959
0.0
0.03999999999999959
-0.009999999999999787
-0.009999999999999787
-0.009999999999999787
0.0
0.0
-0.009999999999999787
0.0
0.0
-0.009999999999999787
0.0
0.0
0.0
-0.009999999999999787
-0.009999999999999787
-0.02666666666666684
-0.009999999999999787
-0.009999999999999787
0.0
0.03999999999999959
0.0
-0.009999999999999787
-0.009999999999999787
0.03999999999999959
0.0
0.03999999999999959
0.0
0.0
0.0
0.03999999999999959
-0.009999999999999787
0.03999999999999959
0.0
0.0
0.0
0.0
0.0
-0.02666666666666684
-0.009999999999999787
0.0
0.0
0.0
-0.02666666666666684
0.0
0.0
0.0
0.03999999999999959
0.0
0.03999999999999959
0.0
0.03999999999999959
0.03999999999999959
0.0
0.0
-0.009999999999999787
-0.02666666666666684
0.0
-0.009999999999999787
0.0
0.0
0.03999999999999959
0.03999999999999959
0.0
0.0
0.0
-0.02666666666666684
-0.009999999999999787
0.0
-0.02666666666666684
0.03999999999999959
0.03999999999999959
0.03999999999999959
0.0
0.0
0.013333333333333197
0.0
0.03999999999999959
-0.009999999999999787
0.0
0.03999999999999959
0.03999999999999959
0.03999999999999959
0.0
0.0
0.03999999999999959
-0.009999999999999787
0.0
0.03999999999999959
0.0
0.0
0.0
0.03999999999999959
0.0
0.0
0.0
-0.009999999999999787
0.03999999999999959
0.0
-0.009999999999999787
-0.009999999999999787
0.0
0.03999999999999959
-0.009999999999999787
-0.009999999999999787
-0.020000000000000018
-0.020000000000000018
-0.020000000000000018
-0.009999999999999787
-0.036666666666666625
-0.020000000000000018
-0.009999999999999787
-0.009999999999999787
0.029999999999999805
-0.009999999999999787
0.029999999999999805
-0.020000000000000018
-0.009999999999999787
-0.020000000000000018
0.0
0.0
-0.009999999999999787
0.0
-0.009999999999999787
-0.02666666666666684
0.03999999999999959
-0.02666666666666684
0.0
-0.009999999999999787
0.0
0.03999999999999959
0.0
0.03999999999999959
-0.009999999999999787
0.03999999999999959
0.03999999999999959
0.0
-0.02666666666666684
0.0
0.0
-0.009999999999999787
-0.009999999999999787
-0.009999999999999787
-0.009999999999999787
-0.009999999999999787
0.03999999999999959
0.03999999999999959
-0.009999999999999787
-0.009999999999999787
0.0
-0.009999999999999787
0.0
0.03999999999999959
0.03999999999999959
0.0
-0.009999999999999787
0.03999999999999959
0.0
0.0
0.03999999999999959
0.0
-0.009999999999999787
-0.009999999999999787
-0.009999999999999787
0.0
0.0
0.03999999999999959
0.03999999999999959
0.0
-0.009999999999999787
0.0
0.03999999999999959
0.03999999999999959
-0.009999999999999787
0.0
-0.009999999999999787
-0.009999999999999787
0.03999999999999959
0.03999999999999959
0.03999999999999959
0.03999999999999959
0.0
0.0
0.0
0.0
-0.009999999999999787
-0.009999999999999787
0.0
0.013333333333333197
-0.009999999999999787
0.0
0.03999999999999959
0.03999999999999959
0.0
0.03999999999999959
0.03999999999999959
-0.009999999999999787
-0.009999999999999787
-0.009999999999999787
-0.02666666666666684
0.03999999999999959
-0.009999999999999787
-0.009999999999999787
0.0
0.0
0.0
0.0
0.03999999999999959
-0.009999999999999787
-0.009999999999999787
0.0
-0.009999999999999787
0.03999999999999959
0.0
0.03999999999999959
0.0
0.03999999999999959
0.03999999999999959
0.03999999999999959
0.03999999999999959
0.0
-0.02666666666666684
-0.009999999999999787
-0.009999999999999787
-0.009999999999999787
-0.009999999999999787
-0.009999999999999787
-0.009999999999999787
0.013333333333333197
-0.02666666666666684
0.03999999999999959
-0.009999999999999787
0.0
-0.02666666666666684
0.0
-0.009999999999999787
0.03999999999999959
-0.009999999999999787
0.0
0.0
0.0
0.0
0.0
0.0
0.0
0.0
0.0
0.0
0.0
0.0
-0.02666666666666684
-0.009999999999999787
0.0
0.0
0.0
0.0
0.0
-0.009999999999999787
0.0
-0.009999999999999787
-0.02666666666666684
0.0
-0.009999999999999787
0.013333333333333197
-0.009999999999999787
0.0
0.0
-0.009999999999999787
0.03999999999999959
0.03999999999999959
-0.009999999999999787
0.03999999999999959
0.0
0.0
0.0
0.0
0.03999999999999959
0.03999999999999959
0.0
0.0
0.0
-0.009999999999999787
-0.009999999999999787
-0.009999999999999787
0.0
0.0
0.0
0.0
0.03999999999999959
-0.02666666666666684
-0.009999999999999787
-0.009999999999999787
-0.02666666666666684
-0.02666666666666684
-0.02666666666666684
-0.020000000000000018
-0.036666666666666625
-0.02666666666666684
0.029999999999999805
-0.009999999999999787
0.029999999999999805
-0.029999999999999805
-0.029999999999999805
-0.036666666666666625
-0.009999999999999787
-0.020000000000000018
-0.036666666666666625
0.03999999999999959
0.03999999999999959
0.0
0.0
0.03999999999999959
0.03999999999999959
-0.009999999999999787
0.0
0.0
0.0
0.0
0.0
0.013333333333333197
-0.02666666666666684
0.0
0.0
0.0
0.03999999999999959
0.0
0.03999999999999959
0.0
0.03999999999999959
0.0
0.0
-0.009999999999999787
-0.009999999999999787
0.0
-0.02666666666666684
-0.009999999999999787
0.03999999999999959
0.03999999999999959
0.0
0.03999999999999959
0.0
-0.009999999999999787
-0.02666666666666684
-0.009999999999999787
-0.02666666666666684
-0.02666666666666684
0.0
0.03999999999999959
0.0
-0.02666666666666684
-0.009999999999999787
-0.009999999999999787
0.0
0.03999999999999959
0.0
-0.009999999999999787
0.0
0.0
0.0
-0.009999999999999787
0.0
0.0
-0.009999999999999787
-0.009999999999999787
0.0
0.03999999999999959
0.0
0.0
-0.02666666666666684
0.0
-0.02666666666666684
-0.009999999999999787
-0.02666666666666684
-0.009999999999999787
0.03999999999999959
-0.009999999999999787
0.0
0.0
0.0
-0.009999999999999787
0.0
0.0
0.03999999999999959
0.03999999999999959
0.0
-0.02666666666666684
0.0
-0.009999999999999787
-0.009999999999999787
-0.009999999999999787
-0.009999999999999787
-0.009999999999999787
0.0
-0.009999999999999787
0.03999999999999959
-0.02666666666666684
-0.02666666666666684
-0.009999999999999787
0.0
-0.009999999999999787
-0.009999999999999787
-0.009999999999999787
0.0
0.0
0.0
-0.009999999999999787
0.0
0.0
0.03999999999999959
-0.009999999999999787
-0.036666666666666625
-0.009999999999999787
-0.020000000000000018
0.013333333333333197
-0.036666666666666625
0.013333333333333197
0.029999999999999805
-0.009999999999999787
-0.009999999999999787
-0.02666666666666684
-0.02666666666666684
-0.036666666666666625
-0.05333333333333323
-0.009999999999999787
-0.02666666666666684
-0.009999999999999787
-0.02666666666666684
-0.009999999999999787
-0.036666666666666625
-0.036666666666666625
-0.009999999999999787
-0.009999999999999787
-0.036666666666666625
-0.02666666666666684
0.0
-0.009999999999999787
-0.02666666666666684
0.03999999999999959
-0.009999999999999787
0.0
0.03999999999999959
0.0
0.0
0.03999999999999959
0.0
0.0
0.0
-0.009999999999999787
0.0
0.013333333333333197
0.0
0.0
-0.009999999999999787
0.0
-0.009999999999999787
-0.02666666666666684
0.03999999999999959
-0.02666666666666684
-0.02666666666666684
0.0
-0.02666666666666684
0.0
0.03999999999999959
0.0
0.03999999999999959
0.0
0.03999999999999959
-0.02666666666666684
0.0
0.0
0.0
0.03999999999999959
0.03999999999999959
0.0
0.0
0.03999999999999959
-0.009999999999999787
0.0
-0.02666666666666684
0.0
-0.009999999999999787
0.0
-0.009999999999999787
0.0
-0.02666666666666684
-0.02666666666666684
0.03999999999999959
0.0
-0.02666666666666684
-0.02666666666666684
-0.009999999999999787
0.03999999999999959
0.0
-0.009999999999999787
0.0
0.0
-0.009999999999999787
0.0
0.0
0.0
-0.02666666666666684
-0.009999999999999787
0.0
-0.009999999999999787
0.0
0.03999999999999959
-0.009999999999999787
-0.009999999999999787
0.0
0.03999999999999959
0.03999999999999959
0.0
0.0
0.013333333333333197
0.0
0.0
0.03999999999999959
0.0
0.0
0.0
0.0
0.03999999999999959
0.03999999999999959
0.03999999999999959
0.0
0.0
0.0
-0.009999999999999787
0.0
-0.02666666666666684
0.0
0.0
-0.009999999999999787
-0.02666666666666684
0.0
0.03999999999999959
-0.009999999999999787
0.0
0.03999999999999959
0.0
0.0
0.0
0.0
0.03999999999999959
0.0
-0.02666666666666684
-0.009999999999999787
0.0
-0.009999999999999787
-0.02666666666666684
-0.009999999999999787
-0.009999999999999787
0.0
0.0
-0.009999999999999787
0.0
0.03999999999999959
-0.009999999999999787
0.0
-0.02666666666666684
0.0
0.03999999999999959
0.0
0.0
-0.02666666666666684
0.0
0.0
-0.02666666666666684
0.0
0.03999999999999959
0.013333333333333197
0.0
0.013333333333333197
-0.009999999999999787
-0.009999999999999787
-0.009999999999999787
0.0
-0.009999999999999787
0.0
0.0
0.0
0.0
0.03999999999999959
-0.02666666666666684
-0.02666666666666684
-0.009999999999999787
0.0
-0.009999999999999787
0.03999999999999959
-0.009999999999999787
-0.02666666666666684
-0.009999999999999787
0.0
0.0
0.03999999999999959
0.03999999999999959
0.0
0.0
-0.02666666666666684
-0.009999999999999787
