-0.09666666666666623
0.22999999999999998
0.013333333333333197
-0.036666666666666625
-0.06000000000000005
-0.23333333333333295
-0.33666666666666645
0.0066666666666663765
-0.01666666666666705
-0.050000000000000266
0.01666666666666705
0.41333333333333355
0.25
0.40666666666666673
0.47333333333333316
0.5966666666666662
0.5233333333333334
0.48333333333333295
0.2866666666666666
0.5566666666666666
0.52
0.5299999999999998
0.9199999999999999
0.44666666666666677
0.43333333333333357
0.5933333333333333
0.6400000000000001
0.686666666666667
0.8766666666666669
0.7033333333333331
0.48333333333333295
0.6733333333333333
0.8999999999999999
0.733333333333333
0.6300000000000003
0.6033333333333335
0.8933333333333331
0.6699999999999999
0.6666666666666665
0.75
0.9133333333333336
0.6566666666666667
0.8266666666666667
0.8333333333333335
0.8966666666666665
0.9766666666666666
1.043333333333334
0.9533333333333331
0.8000000000000003
0.9866666666666668
0.9266666666666663
0.7866666666666666
1.1466666666666665
0.8500000000000001
0.9233333333333333
0.9666666666666668
0.9633333333333334
0.8933333333333331
0.8200000000000003
0.9766666666666666
0.7366666666666668
0.9700000000000002
0.8433333333333333
0.8800000000000003
0.7166666666666668
0.5966666666666662
0.6799999999999997
0.8266666666666667
0.6999999999999997
0.7633333333333332
0.8233333333333337
0.7066666666666666
0.73
0.9933333333333336
0.7933333333333334
0.7899999999999996
0.6733333333333333
0.6133333333333333
0.77
0.38000000000000034
0.6033333333333335
0.6433333333333331
0.813333333333333
0.7200000000000002
0.6600000000000001
0.6966666666666668
0.8466666666666662
0.75
0.6466666666666665
0.563333333333333
0.6233333333333331
0.6699999999999999
0.5333333333333332
0.6000000000000001
0.6466666666666665
0.8166666666666664
0.81
0.6699999999999999
0.6466666666666665
0.8000000000000003
0.5500000000000003
0.6999999999999997
0.5066666666666664
0.7033333333333331
0.5966666666666662
0.5933333333333333
0.7100000000000004
0.7366666666666668
0.6066666666666669
0.563333333333333
0.6966666666666668
0.6633333333333336
0.6066666666666669
0.5800000000000001
0.6433333333333331
0.6400000000000001
0.6533333333333338
0.5399999999999996
0.5933333333333333
0.5333333333333332
0.6799999999999997
0.5399999999999996
0.40333333333333377
0.48333333333333295
0.3566666666666669
0.1033333333333335
0.21666666666666679
0.3766666666666669
0.3666666666666667
0.3933333333333331
0.3599999999999999
0.38000000000000034
0.3833333333333333
0.27
0.23333333333333295
0.29666666666666686
0.2899999999999996
0.3533333333333335
0.30666666666666664
0.29666666666666686
0.21333333333333337
0.16333333333333355
0.10666666666666691
0.11999999999999966
0.07666666666666666
0.10666666666666691
0.03999999999999959
0.08666666666666645
0.046666666666666856
-0.020000000000000018
0.050000000000000266
-0.06000000000000005
-0.08000000000000007
-0.07000000000000028
-0.029999999999999805
-0.06000000000000005
-0.046666666666666856
-0.06000000000000005
-0.050000000000000266
-0.06000000000000005
-0.08000000000000007
-0.09666666666666623
-0.08000000000000007
-0.020000000000000018
-0.029999999999999805
-0.03999999999999959
-0.029999999999999805
-0.050000000000000266
-0.06000000000000005
-0.050000000000000266
-0.06000000000000005
-0.07000000000000028
-0.08000000000000007
-0.07000000000000028
-0.10666666666666691
-0.08999999999999986
-0.050000000000000266
-0.06000000000000005
-0.03999999999999959
-0.06000000000000005
-0.08999999999999986
-0.06000000000000005
-0.06000000000000005
-0.050000000000000266
-0.08000000000000007
-0.08000000000000007
-0.03999999999999959
-0.06666666666666643
-0.06000000000000005
-0.08000000000000007
-0.08000000000000007
-0.03999999999999959
-0.029999999999999805
-0.029999999999999805
-0.050000000000000266
-0.03999999999999959
-0.08000000000000007
-0.03999999999999959
-0.020000000000000018
-0.050000000000000266
-0.050000000000000266
-0.029999999999999805
-0.08000000000000007
-0.029999999999999805
-0.07000000000000028
-0.050000000000000266
-0.08000000000000007
-0.03999999999999959
-0.09666666666666623
-0.050000000000000266
-0.046666666666666856
-0.050000000000000266
-0.10999999999999988
-0.07000000000000028
-0.08000000000000007
-0.08999999999999986
-0.08000000000000007
-0.06000000000000005
-0.050000000000000266
-0.046666666666666856
-0.06000000000000005
-0.029999999999999805
-0.03999999999999959
-0.06000000000000005
-0.020000000000000018
-0.07000000000000028
-0.020000000000000018
-0.050000000000000266
-0.020000000000000018
-0.050000000000000266
-0.050000000000000266
0.0
-0.050000000000000266
-0.06000000000000005
-0.03999999999999959
-0.06000000000000005
-0.06000000000000005
-0.07000000000000028
-0.050000000000000266
-0.08000000000000007
-0.08000000000000007
-0.07000000000000028
-0.029999999999999805
-0.03999999999999959
-0.07000000000000028
-0.03999999999999959
-0.03999999999999959
-0.050000000000000266
-0.020000000000000018
-0.03999999999999959
-0.050000000000000266
0.0033333333333334103
0.0
-0.050000000000000266
0.020000000000000018
-0.03999999999999959
-0.020000000000000018
-0.046666666666666856
-0.029999999999999805
-0.029999999999999805
-0.020000000000000018
-0.029999999999999805
-0.020000000000000018
-0.029999999999999805
-0.05666666666666664
-0.03999999999999959
-0.029999999999999805
0.0
-0.07000000000000028
-0.020000000000000018
-0.03999999999999959
-0.03999999999999959
-0.029999999999999805
-0.009999999999999787
-0.029999999999999805
-0.03999999999999959
-0.03999999999999959
-0.009999999999999787
-0.050000000000000266
-0.029999999999999805
-0.036666666666666625
-0.03999999999999959
-0.03999999999999959
-0.03999999999999959
-0.050000000000000266
-0.05666666666666664
-0.009999999999999787
-0.08000000000000007
-0.03999999999999959
-0.03999999999999959
-0.10666666666666691
-0.050000000000000266
-0.06000000000000005
-0.050000000000000266
-0.029999999999999805
-0.050000000000000266
-0.046666666666666856
-0.07000000000000028
-0.08000000000000007
-0.10000000000000009
-0.08000000000000007
-0.08000000000000007
-0.08000000000000007
-0.10000000000000009
-0.03999999999999959
-0.11999999999999966
-0.13000000000000034
-0.10999999999999988
-0.10999999999999988
-0.07000000000000028
-0.029999999999999805
-0.03999999999999959
-0.08999999999999986
-0.10000000000000009
-0.08000000000000007
-0.08999999999999986
-0.11999999999999966
-0.09666666666666623
-0.07000000000000028
-0.08000000000000007
-0.07000000000000028
-0.05666666666666664
-0.09666666666666623
-0.06000000000000005
-0.050000000000000266
-0.06000000000000005
0.0
-0.050000000000000266
-0.06000000000000005
-0.029999999999999805
0.009999999999999787
-0.03999999999999959
-0.06000000000000005
-0.07000000000000028
-0.020000000000000018
-0.050000000000000266
-0.03999999999999959
-0.050000000000000266
-0.03999999999999959
-0.07000000000000028
-0.029999999999999805
-0.029999999999999805
-0.03999999999999959
-0.009999999999999787
-0.029999999999999805
0.020000000000000018
-0.050000000000000266
-0.03999999999999959
-0.08000000000000007
-0.046666666666666856
0.009999999999999787
-0.050000000000000266
0.029999999999999805
-0.03999999999999959
-0.009999999999999787
-0.020000000000000018
-0.03999999999999959
-0.03999999999999959
-0.06000000000000005
0.0
-0.029999999999999805
-0.020000000000000018
-0.029999999999999805
-0.050000000000000266
-0.050000000000000266
-0.050000000000000266
-0.07000000000000028
-0.009999999999999787
-0.06000000000000005
-0.03999999999999959
-0.03999999999999959
-0.050000000000000266
-0.06000000000000005
-0.050000000000000266
-0.07000000000000028
-0.08000000000000007
-0.07000000000000028
-0.029999999999999805
-0.020000000000000018
-0.020000000000000018
-0.06000000000000005
-0.08000000000000007
-0.12666666666666693
-0.10999999999999988
-0.13000000000000034
-0.10999999999999988
-0.1499999999999999
-0.10000000000000009
-0.16000000000000014
-0.16000000000000014
-0.16000000000000014
-0.1499999999999999
-0.22666666666666657
-0.10000000000000009
-0.16999999999999993
-0.17999999999999972
-0.17999999999999972
-0.2366666666666668
-0.16999999999999993
-0.16999999999999993
-0.16000000000000014
-0.13000000000000034
-0.1766666666666663
-0.14000000000000012
-0.13000000000000034
-0.16000000000000014
-0.1499999999999999
-0.14000000000000012
-0.13000000000000034
-0.11999999999999966
-0.07000000000000028
-0.07000000000000028
-0.03999999999999959
-0.06000000000000005
-0.06000000000000005
-0.09666666666666623
-0.10999999999999988
-0.03999999999999959
0.0
-0.03999999999999959
-0.050000000000000266
0.0
-0.020000000000000018
-0.050000000000000266
-0.029999999999999805
-0.03999999999999959
-0.06000000000000005
-0.009999999999999787
-0.06000000000000005
-0.03999999999999959
-0.07000000000000028
-0.029999999999999805
-0.03999999999999959
-0.03999999999999959
-0.050000000000000266
0.0
-0.03999999999999959
-0.06000000000000005
-0.050000000000000266
-0.03999999999999959
-0.050000000000000266
-0.08000000000000007
-0.02666666666666684
-0.01666666666666705
-0.03999999999999959
-0.03999999999999959
-0.03999999999999959
-0.050000000000000266
-0.08000000000000007
-0.029999999999999805
-0.03999999999999959
-0.009999999999999787
-0.029999999999999805
-0.009999999999999787
-0.07000000000000028
-0.05666666666666664
0.0
-0.009999999999999787
0.0
-0.03999999999999959
-0.03999999999999959
-0.08000000000000007
-0.03999999999999959
-0.03999999999999959
-0.050000000000000266
-0.07000000000000028
-0.03999999999999959
-0.050000000000000266
-0.08999999999999986
-0.050000000000000266
-0.07000000000000028
-0.08000000000000007
-0.06000000000000005
-0.08000000000000007
-0.07000000000000028
-0.08999999999999986
-0.08000000000000007
-0.10999999999999988
-0.10000000000000009
-0.08000000000000007
-0.10666666666666691
-0.1166666666666667
-0.03999999999999959
-0.10000000000000009
-0.08999999999999986
-0.06000000000000005
-0.07000000000000028
-0.07000000000000028
-0.03999999999999959
-0.029999999999999805
-0.009999999999999787
-0.046666666666666856
-0.050000000000000266
-0.06000000000000005
-0.029999999999999805
-0.029999999999999805
-0.050000000000000266
-0.020000000000000018
-0.03999999999999959
-0.009999999999999787
-0.029999999999999805
-0.009999999999999787
-0.020000000000000018
0.020000000000000018
0.009999999999999787
-0.009999999999999787
-0.029999999999999805
-0.009999999999999787
-0.03999999999999959
-0.050000000000000266
-0.020000000000000018
0.0
-0.029999999999999805
-0.029999999999999805
-0.050000000000000266
-0.050000000000000266
-0.03999999999999959
-0.06000000000000005
-0.03999999999999959
-0.03999999999999959
-0.050000000000000266
-0.020000000000000018
0.009999999999999787
-0.029999999999999805
-0.07000000000000028
-0.07666666666666666
-0.09666666666666623
-0.08999999999999986
-0.03999999999999959
-0.029999999999999805
-0.08999999999999986
-0.050000000000000266
-0.06000000000000005
-0.029999999999999805
-0.07000000000000028
-0.009999999999999787
-0.050000000000000266
-0.03999999999999959
-0.050000000000000266
-0.03999999999999959
0.0
-0.029999999999999805
-0.050000000000000266
-0.07000000000000028
-0.08999999999999986
-0.06000000000000005
-0.1166666666666667
-0.10999999999999988
-0.08999999999999986
-0.09666666666666623
-0.1166666666666667
-0.07000000000000028
-0.1166666666666667
-0.08000000000000007
-0.10999999999999988
-0.10000000000000009
-0.06000000000000005
-0.08999999999999986
-0.07000000000000028
-0.13000000000000034
-0.08000000000000007
-0.050000000000000266
-0.07000000000000028
-0.08999999999999986
-0.08999999999999986
-0.1166666666666667
-0.08000000000000007
-0.06000000000000005
-0.050000000000000266
-0.10000000000000009
-0.08666666666666645
-0.08999999999999986
-0.10999999999999988
-0.10000000000000009
-0.12666666666666693
-0.12666666666666693
-0.050000000000000266
-0.1333333333333333
-0.13000000000000034
-0.18666666666666698
-0.18666666666666698
-0.1499999999999999
-0.15666666666666673
-0.10999999999999988
-0.15666666666666673
-0.08999999999999986
-0.10999999999999988
-0.13666666666666671
-0.15666666666666673
-0.10999999999999988
-0.11999999999999966
-0.15666666666666673
-0.12666666666666693
-0.15666666666666673
-0.08999999999999986
-0.08000000000000007
-0.06000000000000005
-0.06000000000000005
-0.07666666666666666
-0.020000000000000018
-0.08000000000000007
-0.020000000000000018
-0.020000000000000018
-0.08666666666666645
-0.08000000000000007
-0.07000000000000028
-0.050000000000000266
-0.07666666666666666
-0.029999999999999805
-0.08999999999999986
-0.10999999999999988
-0.10999999999999988
-0.1466666666666665
-0.16000000000000014
-0.10999999999999988
-0.13000000000000034
-0.13000000000000034
-0.1166666666666667
-0.10999999999999988
-0.10999999999999988
-0.08000000000000007
-0.13000000000000034
-0.07000000000000028
-0.11999999999999966
-0.07000000000000028
-0.07000000000000028
-0.07000000000000028
-0.07000000000000028
-0.07000000000000028
-0.029999999999999805
-0.10000000000000009
-0.09666666666666623
-0.050000000000000266
-0.03999999999999959
-0.06000000000000005
-0.07000000000000028
-0.050000000000000266
-0.10999999999999988
-0.10999999999999988
-0.06000000000000005
-0.10666666666666691
-0.11999999999999966
-0.10666666666666691
-0.07000000000000028
-0.10999999999999988
-0.10999999999999988
-0.10999999999999988
-0.06000000000000005
-0.10000000000000009
-0.08000000000000007
-0.06000000000000005
-0.09666666666666623
-0.13000000000000034
-0.10000000000000009
-0.10000000000000009
-0.10999999999999988
-0.10999999999999988
-0.1499999999999999
-0.1499999999999999
-0.08999999999999986
-0.08999999999999986
-0.14000000000000012
-0.16000000000000014
-0.14000000000000012
-0.14000000000000012
-0.13000000000000034
-0.13000000000000034
-0.08666666666666645
-0.12666666666666693
-0.11999999999999966
-0.13000000000000034
-0.10000000000000009
-0.08000000000000007
-0.08000000000000007
-0.08999999999999986
-0.12666666666666693
-0.08000000000000007
-0.06000000000000005
-0.09666666666666623
-0.10000000000000009
-0.08000000000000007
-0.11999999999999966
-0.10999999999999988
-0.10000000000000009
-0.08000000000000007
-0.07000000000000028
-0.08000000000000007
-0.07000000000000028
-0.029999999999999805
-0.08000000000000007
-0.08999999999999986
-0.06000000000000005
-0.06000000000000005
-0.046666666666666856
-0.029999999999999805
-0.07000000000000028
-0.020000000000000018
-0.009999999999999787
-0.050000000000000266
-0.050000000000000266
-0.020000000000000018
-0.029999999999999805
-0.06000000000000005
-0.050000000000000266
-0.050000000000000266
-0.050000000000000266
-0.020000000000000018
-0.07666666666666666
-0.07000000000000028
0.009999999999999787
-0.03999999999999959
-0.050000000000000266
-0.020000000000000018
-0.029999999999999805
-0.03999999999999959
-0.050000000000000266
-0.020000000000000018
-0.03999999999999959
-0.009999999999999787
-0.029999999999999805
-0.029999999999999805
-0.050000000000000266
0.029999999999999805
-0.020000000000000018
-0.03999999999999959
-0.020000000000000018
-0.050000000000000266
-0.08666666666666645
-0.050000000000000266
-0.029999999999999805
-0.050000000000000266
-0.029999999999999805
-0.029999999999999805
-0.07000000000000028
-0.03999999999999959
-0.050000000000000266
-0.050000000000000266
-0.050000000000000266
-0.03999999999999959
-0.07000000000000028
0.009999999999999787
-0.050000000000000266
-0.08999999999999986
-0.050000000000000266
-0.029999999999999805
-0.029999999999999805
-0.050000000000000266
-0.06000000000000005
-0.03999999999999959
-0.020000000000000018
-0.009999999999999787
-0.020000000000000018
-0.07666666666666666
-0.08000000000000007
-0.050000000000000266
-0.050000000000000266
-0.08666666666666645
-0.03999999999999959
-0.009999999999999787
-0.050000000000000266
-0.08000000000000007
-0.009999999999999787
-0.01666666666666705
-0.050000000000000266
-0.050000000000000266
-0.03999999999999959
-0.050000000000000266
0.0
-0.029999999999999805
0.029999999999999805
-0.03999999999999959
-0.050000000000000266
-0.06000000000000005
-0.050000000000000266
-0.020000000000000018
-0.020000000000000018
-0.03999999999999959
-0.020000000000000018
-0.036666666666666625
-0.050000000000000266
-0.020000000000000018
-0.020000000000000018
-0.020000000000000018
-0.029999999999999805
-0.036666666666666625
0.0
-0.020000000000000018
0.029999999999999805
-0.020000000000000018
-0.020000000000000018
-0.020000000000000018
-0.05666666666666664
-0.03999999999999959
0.0
-0.009999999999999787
-0.03999999999999959
-0.05666666666666664
-0.029999999999999805
-0.05666666666666664
-0.029999999999999805
-0.020000000000000018
-0.046666666666666856
0.020000000000000018
0.020000000000000018
-0.029999999999999805
-0.029999999999999805
-0.06000000000000005
0.009999999999999787
-0.029999999999999805
-0.050000000000000266
-0.03999999999999959
0.020000000000000018
-0.020000000000000018
-0.03999999999999959
-0.020000000000000018
0.020000000000000018
-0.050000000000000266
-0.05666666666666664
-0.020000000000000018
-0.009999999999999787
-0.029999999999999805
-0.08999999999999986
-0.08000000000000007
-0.050000000000000266
-0.07000000000000028
-0.020000000000000018
-0.020000000000000018
-0.050000000000000266
-0.029999999999999805
-0.06000000000000005
-0.06000000000000005
-0.07000000000000028
-0.050000000000000266
-0.03999999999999959
-0.050000000000000266
-0.03999999999999959
-0.06000000000000005
-0.009999999999999787
-0.03999999999999959
-0.050000000000000266
-0.020000000000000018
-0.020000000000000018
0.020000000000000018
0.009999999999999787
-0.009999999999999787
0.020000000000000018
-0.029999999999999805
0.0
-0.03999999999999959
-0.03999999999999959
-0.03999999999999959
0.009999999999999787
-0.029999999999999805
-0.029999999999999805
-0.020000000000000018
-0.046666666666666856
-0.009999999999999787
0.020000000000000018
0.009999999999999787
-0.06000000000000005
-0.020000000000000018
0.0
-0.009999999999999787
-0.050000000000000266
-0.06000000000000005
-0.029999999999999805
-0.009999999999999787
-0.10000000000000009
-0.10000000000000009
-0.10000000000000009
-0.08000000000000007
-0.029999999999999805
-0.08000000000000007
-0.07000000000000028
-0.03999999999999959
0.0
-0.06000000000000005
-0.03999999999999959
-0.06000000000000005
-0.07000000000000028
-0.07000000000000028
-0.06000000000000005
-0.029999999999999805
-0.020000000000000018
-0.029999999999999805
-0.050000000000000266
-0.07000000000000028
-0.029999999999999805
-0.06000000000000005
-0.06000000000000005
-0.020000000000000018
-0.029999999999999805
-0.009999999999999787
-0.020000000000000018
0.0033333333333334103
-0.03999999999999959
-0.029999999999999805
-0.050000000000000266
0.020000000000000018
-0.050000000000000266
-0.050000000000000266
-0.050000000000000266
-0.020000000000000018
-0.029999999999999805
-0.05666666666666664
-0.029999999999999805
-0.029999999999999805
-0.009999999999999787
-0.03999999999999959
-0.03999999999999959
-0.029999999999999805
-0.009999999999999787
-0.020000000000000018
-0.020000000000000018
-0.050000000000000266
-0.050000000000000266
-0.05666666666666664
-0.06000000000000005
-0.029999999999999805
-0.029999999999999805
-0.03999999999999959
-0.06000000000000005
-0.03999999999999959
-0.03999999999999959
-0.050000000000000266
-0.07000000000000028
0.009999999999999787
-0.036666666666666625
-0.02666666666666684
-0.020000000000000018
-0.009999999999999787
-0.01666666666666705
-0.050000000000000266
-0.029999999999999805
-0.03999999999999959
-0.06000000000000005
-0.07000000000000028
-0.06000000000000005
-0.08000000000000007
-0.050000000000000266
-0.029999999999999805
-0.050000000000000266
-0.06000000000000005
-0.06000000000000005
-0.06000000000000005
-0.020000000000000018
-0.02666666666666684
-0.03999999999999959
0.009999999999999787
-0.020000000000000018
-0.07666666666666666
-0.029999999999999805
-0.020000000000000018
-0.03999999999999959
0.029999999999999805
-0.020000000000000018
0.0
-0.009999999999999787
-0.03999999999999959
0.009999999999999787
-0.06000000000000005
-0.020000000000000018
-0.029999999999999805
-0.03999999999999959
-0.020000000000000018
-0.07666666666666666
-0.036666666666666625
-0.050000000000000266
-0.020000000000000018
-0.050000000000000266
-0.020000000000000018
-0.07000000000000028
-0.10000000000000009
-0.03999999999999959
-0.050000000000000266
-0.050000000000000266
-0.03999999999999959
-0.08000000000000007
-0.06000000000000005
-0.06000000000000005
-0.08999999999999986
-0.08000000000000007
-0.08000000000000007
-0.050000000000000266
-0.08000000000000007
-0.050000000000000266
-0.050000000000000266
-0.050000000000000266
-0.050000000000000266
-0.029999999999999805
-0.08999999999999986
-0.07000000000000028
-0.07000000000000028
-0.07000000000000028
-0.06000000000000005
0.0
-0.08000000000000007
-0.03999999999999959
-0.029999999999999805
-0.020000000000000018
-0.06000000000000005
-0.06000000000000005
-0.08000000000000007
-0.029999999999999805
-0.03999999999999959
-0.07666666666666666
-0.020000000000000018
-0.029999999999999805
-0.03999999999999959
-0.009999999999999787
-0.050000000000000266
-0.029999999999999805
-0.08000000000000007
-0.03999999999999959
-0.10000000000000009
-0.029999999999999805
-0.029999999999999805
-0.08000000000000007
-0.050000000000000266
-0.08000000000000007
-0.020000000000000018
-0.07000000000000028
-0.06000000000000005
-0.06000000000000005
-0.06000000000000005
-0.06000000000000005
-0.050000000000000266
-0.050000000000000266
-0.07000000000000028
-0.050000000000000266
-0.029999999999999805
-0.07000000000000028
-0.06000000000000005
-0.06000000000000005
-0.009999999999999787
-0.020000000000000018
-0.050000000000000266
0.0
-0.050000000000000266
-0.020000000000000018
-0.009999999999999787
-0.01666666666666705
-0.020000000000000018
-0.050000000000000266
-0.009999999999999787
-0.03999999999999959
-0.009999999999999787
-0.020000000000000018
-0.06000000000000005
-0.03999999999999959
-0.050000000000000266
-0.020000000000000018
-0.029999999999999805
0.009999999999999787
-0.07000000000000028
-0.009999999999999787
-0.03999999999999959
-0.06000000000000005
-0.06000000000000005
-0.03999999999999959
-0.050000000000000266
-0.050000000000000266
-0.020000000000000018
0.0
-0.050000000000000266
-0.029999999999999805
-0.029999999999999805
-0.050000000000000266
-0.029999999999999805
-0.06000000000000005
-0.029999999999999805
-0.10000000000000009
-0.07000000000000028
-0.06000000000000005
-0.07666666666666666
-0.06000000000000005
-0.029999999999999805
-0.050000000000000266
0.0
-0.009999999999999787
-0.050000000000000266
-0.03999999999999959
-0.020000000000000018
-0.03999999999999959
0.020000000000000018
-0.020000000000000018
0.020000000000000018
-0.050000000000000266
-0.07000000000000028
-0.07000000000000028
-0.050000000000000266
-0.050000000000000266
-0.07000000000000028
-0.050000000000000266
-0.06000000000000005
-0.020000000000000018
-0.08000000000000007
-0.050000000000000266
-0.08000000000000007
-0.029999999999999805
-0.020000000000000018
-0.050000000000000266
-0.10000000000000009
-0.08000000000000007
-0.10000000000000009
-0.07000000000000028
-0.08000000000000007
-0.029999999999999805
-0.08000000000000007
-0.08999999999999986
-0.06000000000000005
-0.10999999999999988
-0.10999999999999988
-0.13000000000000034
-0.08999999999999986
-0.08000000000000007
-0.029999999999999805
-0.06000000000000005
-0.08000000000000007
-0.07000000000000028
-0.10999999999999988
-0.07000000000000028
-0.08999999999999986
-0.07000000000000028
-0.10000000000000009
-0.14000000000000012
-0.16000000000000014
-0.10000000000000009
-0.13000000000000034
-0.1499999999999999
-0.1499999999999999
-0.19999999999999973
-0.17999999999999972
-0.2100000000000004
-0.19999999999999973
-0.17999999999999972
-0.1499999999999999
-0.10999999999999988
-0.11999999999999966
-0.10999999999999988
-0.10000000000000009
-0.10000000000000009
-0.08000000000000007
-0.06000000000000005
-0.06000000000000005
-0.07000000000000028
-0.07000000000000028
-0.07000000000000028
-0.050000000000000266
-0.020000000000000018
-0.08999999999999986
-0.06000000000000005
-0.07000000000000028
-0.06000000000000005
-0.046666666666666856
-0.036666666666666625
-0.03999999999999959
-0.08000000000000007
-0.050000000000000266
-0.020000000000000018
-0.03999999999999959
-0.03999999999999959
-0.03999999999999959
-0.029999999999999805
-0.03999999999999959
-0.029999999999999805
-0.029999999999999805
-0.03999999999999959
-0.050000000000000266
-0.029999999999999805
-0.029999999999999805
-0.03999999999999959
-0.06000000000000005
-0.050000000000000266
-0.029999999999999805
-0.06000000000000005
-0.06000000000000005
-0.009999999999999787
-0.07000000000000028
-0.050000000000000266
-0.06000000000000005
-0.06000000000000005
-0.06000000000000005
-0.050000000000000266
-0.029999999999999805
-0.009999999999999787
-0.050000000000000266
-0.009999999999999787
-0.07000000000000028
-0.01666666666666705
-0.03999999999999959
-0.029999999999999805
-0.03999999999999959
-0.050000000000000266
-0.046666666666666856
0.020000000000000018
0.0
-0.03999999999999959
-0.03999999999999959
0.0
-0.029999999999999805
-0.029999999999999805
-0.029999999999999805
-0.050000000000000266
-0.029999999999999805
-0.050000000000000266
-0.03999999999999959
-0.029999999999999805
-0.009999999999999787
-0.03999999999999959
0.0
0.009999999999999787
-0.03999999999999959
-0.009999999999999787
-0.029999999999999805
-0.029999999999999805
-0.029999999999999805
-0.06000000000000005
-0.08999999999999986
-0.08999999999999986
-0.07000000000000028
-0.10000000000000009
-0.06000000000000005
-0.07000000000000028
-0.08999999999999986
-0.10666666666666691
-0.08000000000000007
-0.07000000000000028
-0.08000000000000007
-0.09666666666666623
-0.029999999999999805
-0.07000000000000028
-0.07000000000000028
-0.050000000000000266
-0.009999999999999787
-0.06000000000000005
-0.03999999999999959
-0.020000000000000018
-0.050000000000000266
-0.050000000000000266
-0.08000000000000007
-0.03999999999999959
0.009999999999999787
-0.05666666666666664
-0.03999999999999959
0.0
-0.009999999999999787
-0.050000000000000266
-0.07000000000000028
-0.08000000000000007
-0.07000000000000028
-0.020000000000000018
-0.050000000000000266
-0.03999999999999959
-0.050000000000000266
-0.029999999999999805
-0.03999999999999959
0.0
-0.029999999999999805
0.0
-0.050000000000000266
-0.050000000000000266
0.009999999999999787
-0.029999999999999805
-0.029999999999999805
-0.050000000000000266
-0.020000000000000018
-0.06000000000000005
-0.029999999999999805
-0.07000000000000028
-0.050000000000000266
-0.06000000000000005
-0.06000000000000005
-0.06000000000000005
0.009999999999999787
-0.03999999999999959
-0.06000000000000005
-0.06000000000000005
-0.06000000000000005
-0.050000000000000266
-0.06000000000000005
-0.03999999999999959
-0.06000000000000005
-0.009999999999999787
-0.07000000000000028
-0.009999999999999787
-0.06000000000000005
-0.07000000000000028
-0.03999999999999959
-0.009999999999999787
-0.07000000000000028
-0.07000000000000028
-0.07000000000000028
-0.08999999999999986
-0.050000000000000266
-0.06000000000000005
-0.07000000000000028
-0.08999999999999986
-0.10999999999999988
-0.08999999999999986
-0.10999999999999988
-0.10999999999999988
-0.10999999999999988
-0.08999999999999986
-0.06000000000000005
-0.07000000000000028
-0.050000000000000266
-0.06000000000000005
-0.07000000000000028
-0.03999999999999959
-0.06000000000000005
-0.06000000000000005
-0.08000000000000007
-0.03999999999999959
-0.009999999999999787
-0.050000000000000266
-0.029999999999999805
-0.009999999999999787
-0.029999999999999805
-0.009999999999999787
0.009999999999999787
-0.029999999999999805
-0.020000000000000018
0.03999999999999959
-0.020000000000000018
-0.06000000000000005
-0.06666666666666643
-0.029999999999999805
-0.029999999999999805
-0.029999999999999805
-0.03999999999999959
0.029999999999999805
-0.03999999999999959
0.009999999999999787
-0.05333333333333323
-0.020000000000000018
-0.03999999999999959
-0.009999999999999787
-0.029999999999999805
-0.050000000000000266
-0.03999999999999959
0.0
0.020000000000000018
-0.050000000000000266
-0.009999999999999787
-0.029999999999999805
-0.050000000000000266
-0.020000000000000018
-0.009999999999999787
-0.050000000000000266
-0.029999999999999805
-0.03999999999999959
-0.050000000000000266
-0.029999999999999805
-0.10000000000000009
-0.029999999999999805
-0.020000000000000018
-0.029999999999999805
-0.029999999999999805
-0.03999999999999959
-0.050000000000000266
-0.06000000000000005
-0.029999999999999805
-0.06000000000000005
-0.03999999999999959
-0.009999999999999787
-0.020000000000000018
-0.07000000000000028
-0.07000000000000028
-0.06000000000000005
-0.07000000000000028
-0.07000000000000028
-0.029999999999999805
-0.03999999999999959
-0.07000000000000028
-0.10000000000000009
-0.07000000000000028
-0.07000000000000028
-0.07000000000000028
-0.06000000000000005
-0.08000000000000007
-0.050000000000000266
-0.07000000000000028
-0.03999999999999959
-0.06000000000000005
-0.03999999999999959
-0.08000000000000007
-0.050000000000000266
-0.009999999999999787
-0.06000000000000005
-0.050000000000000266
-0.029999999999999805
-0.03999999999999959
-0.06000000000000005
-0.009999999999999787
-0.029999999999999805
-0.06000000000000005
-0.029999999999999805
-0.009999999999999787
-0.050000000000000266
-0.06000000000000005
-0.06000000000000005
-0.06000000000000005
-0.07000000000000028
-0.07000000000000028
-0.03999999999999959
-0.07000000000000028
-0.07000000000000028
-0.050000000000000266
-0.08000000000000007
-0.10000000000000009
-0.08000000000000007
-0.06000000000000005
-0.029999999999999805
-0.050000000000000266
-0.08000000000000007
-0.07666666666666666
-0.050000000000000266
-0.06000000000000005
-0.06000000000000005
-0.06000000000000005
-0.050000000000000266
-0.020000000000000018
-0.029999999999999805
-0.020000000000000018
0.020000000000000018
-0.050000000000000266
-0.050000000000000266
0.0
-0.009999999999999787
-0.03999999999999959
-0.07000000000000028
-0.06000000000000005
-0.08000000000000007
-0.029999999999999805
-0.06000000000000005
-0.020000000000000018
-0.06000000000000005
-0.09666666666666623
-0.06000000000000005
-0.029999999999999805
-0.07000000000000028
-0.009999999999999787
-0.07666666666666666
0.0
-0.07000000000000028
-0.08000000000000007
-0.03999999999999959
-0.06000000000000005
-0.06000000000000005
-0.050000000000000266
-0.07000000000000028
-0.07000000000000028
-0.03999999999999959
-0.06000000000000005
-0.06000000000000005
-0.06666666666666643
-0.06000000000000005
-0.10000000000000009
-0.07000000000000028
-0.07000000000000028
-0.06000000000000005
-0.06000000000000005
-0.06000000000000005
0.009999999999999787
0.009999999999999787
-0.046666666666666856
-0.050000000000000266
-0.07000000000000028
-0.10666666666666691
-0.03999999999999959
-0.08000000000000007
-0.050000000000000266
-0.03999999999999959
0.0
-0.036666666666666625
0.009999999999999787
-0.03999999999999959
-0.03999999999999959
-0.009999999999999787
-0.050000000000000266
-0.029999999999999805
-0.03999999999999959
-0.050000000000000266
-0.06000000000000005
-0.06000000000000005
-0.06000000000000005
-0.050000000000000266
-0.029999999999999805
-0.050000000000000266
-0.029999999999999805
-0.08999999999999986
-0.06000000000000005
-0.050000000000000266
-0.050000000000000266
0.009999999999999787
-0.07000000000000028
-0.029999999999999805
-0.050000000000000266
-0.07000000000000028
-0.050000000000000266
-0.07000000000000028
-0.06000000000000005
-0.08999999999999986
-0.08000000000000007
-0.08999999999999986
-0.08999999999999986
-0.050000000000000266
-0.009999999999999787
-0.10666666666666691
-0.07000000000000028
-0.06000000000000005
-0.08000000000000007
-0.10000000000000009
-0.08999999999999986
-0.07000000000000028
-0.08999999999999986
-0.07000000000000028
-0.08999999999999986
-0.06000000000000005
-0.08999999999999986
-0.10000000000000009
-0.07000000000000028
-0.10000000000000009
-0.1166666666666667
-0.08000000000000007
-0.1166666666666667
-0.10000000000000009
-0.11999999999999966
-0.029999999999999805
-0.10000000000000009
-0.08999999999999986
-0.11999999999999966
-0.08999999999999986
-0.08999999999999986
-0.06000000000000005
-0.03999999999999959
-0.07666666666666666
0.009999999999999787
-0.03999999999999959
-0.050000000000000266
-0.050000000000000266
-0.050000000000000266
-0.050000000000000266
-0.06000000000000005
-0.050000000000000266
-0.029999999999999805
-0.029999999999999805
-0.050000000000000266
0.0
-0.050000000000000266
-0.009999999999999787
-0.07000000000000028
-0.08000000000000007
-0.050000000000000266
-0.050000000000000266
-0.06000000000000005
-0.08999999999999986
-0.07000000000000028
-0.06000000000000005
-0.08000000000000007
-0.050000000000000266
-0.06000000000000005
-0.03999999999999959
-0.07000000000000028
-0.03999999999999959
-0.07000000000000028
-0.07000000000000028
-0.03999999999999959
-0.08999999999999986
-0.050000000000000266
-0.08999999999999986
-0.08999999999999986
-0.10000000000000009
-0.11999999999999966
-0.10000000000000009
-0.08999999999999986
-0.10999999999999988
-0.10000000000000009
-0.08999999999999986
-0.050000000000000266
-0.08999999999999986
-0.050000000000000266
-0.03999999999999959
-0.029999999999999805
-0.050000000000000266
-0.07000000000000028
-0.10000000000000009
-0.09666666666666623
-0.07000000000000028
-0.08000000000000007
-0.10000000000000009
-0.06000000000000005
-0.08000000000000007
-0.08000000000000007
-0.08000000000000007
-0.08000000000000007
-0.06000000000000005
-0.050000000000000266
-0.08666666666666645
-0.07000000000000028
-0.07000000000000028
-0.07000000000000028
-0.10999999999999988
-0.11999999999999966
-0.06000000000000005
-0.08000000000000007
-0.10999999999999988
-0.10999999999999988
-0.10000000000000009
-0.06000000000000005
-0.10000000000000009
-0.08999999999999986
-0.10999999999999988
-0.10000000000000009
-0.10999999999999988
-0.08000000000000007
-0.08999999999999986
-0.07000000000000028
-0.07000000000000028
-0.07000000000000028
-0.08666666666666645
-0.08000000000000007
-0.050000000000000266
-0.050000000000000266
-0.06000000000000005
-0.03999999999999959
-0.050000000000000266
-0.05666666666666664
-0.07666666666666666
-0.07000000000000028
-0.06000000000000005
-0.03999999999999959
-0.12666666666666693
-0.10000000000000009
-0.11999999999999966
-0.10000000000000009
-0.13000000000000034
-0.07000000000000028
-0.06000000000000005
-0.08000000000000007
-0.1499999999999999
-0.13000000000000034
-0.14000000000000012
-0.11999999999999966
-0.10000000000000009
-0.13000000000000034
-0.07000000000000028
-0.009999999999999787
-0.11999999999999966
-0.13666666666666671
-0.10000000000000009
-0.10000000000000009
-0.050000000000000266
-0.08000000000000007
-0.10000000000000009
-0.10000000000000009
-0.10999999999999988
-0.13000000000000034
-0.10000000000000009
-0.1766666666666663
-0.11999999999999966
-0.16000000000000014
-0.08666666666666645
-0.10000000000000009
-0.08000000000000007
-0.08000000000000007
-0.08000000000000007
-0.11999999999999966
-0.08999999999999986
-0.10000000000000009
-0.08000000000000007
-0.07000000000000028
-0.13000000000000034
-0.06000000000000005
-0.10999999999999988
-0.08999999999999986
-0.050000000000000266
-0.03999999999999959
-0.029999999999999805
-0.06000000000000005
-0.08999999999999986
-0.10000000000000009
-0.10000000000000009
-0.08000000000000007
-0.06000000000000005
-0.029999999999999805
-0.050000000000000266
-0.06000000000000005
-0.10666666666666691
-0.050000000000000266
-0.08000000000000007
-0.12666666666666693
-0.08666666666666645
-0.08666666666666645
-0.07000000000000028
-0.07666666666666666
-0.08666666666666645
-0.050000000000000266
-0.03999999999999959
-0.03999999999999959
-0.050000000000000266
-0.08999999999999986
-0.07666666666666666
-0.050000000000000266
-0.03999999999999959
-0.08666666666666645
-0.07000000000000028
-0.06000000000000005
0.0
-0.050000000000000266
-0.03999999999999959
-0.03999999999999959
-0.03999999999999959
0.0
-0.06000000000000005
-0.020000000000000018
0.0
-0.07000000000000028
-0.046666666666666856
-0.13666666666666671
-0.07000000000000028
-0.06000000000000005
-0.009999999999999787
-0.08000000000000007
-0.10999999999999988
-0.08999999999999986
-0.029999999999999805
-0.06000000000000005
-0.07000000000000028
-0.08999999999999986
-0.050000000000000266
-0.03999999999999959
-0.06000000000000005
-0.05666666666666664
-0.050000000000000266
-0.07000000000000028
-0.06000000000000005
-0.08000000000000007
-0.08000000000000007
-0.03999999999999959
-0.08000000000000007
-0.08666666666666645
-0.06000000000000005
-0.10666666666666691
-0.06666666666666643
-0.08000000000000007
-0.08999999999999986
-0.029999999999999805
-0.1166666666666667
-0.07000000000000028
-0.08999999999999986
-0.050000000000000266
-0.10000000000000009
-0.07000000000000028
-0.08999999999999986
-0.10999999999999988
-0.08000000000000007
-0.10000000000000009
-0.08000000000000007
-0.10000000000000009
-0.08000000000000007
-0.08999999999999986
-0.08000000000000007
-0.029999999999999805
-0.06000000000000005
-0.029999999999999805
-0.07000000000000028
-0.1166666666666667
-0.10999999999999988
-0.10666666666666691
-0.08000000000000007
-0.07666666666666666
-0.08000000000000007
-0.10000000000000009
-0.08000000000000007
-0.08999999999999986
-0.06000000000000005
-0.050000000000000266
-0.10000000000000009
-0.10000000000000009
-0.050000000000000266
-0.08999999999999986
-0.08000000000000007
-0.08999999999999986
-0.08666666666666645
-0.029999999999999805
-0.10999999999999988
-0.08000000000000007
-0.06000000000000005
-0.07000000000000028
-0.07000000000000028
-0.06000000000000005
-0.03999999999999959
-0.050000000000000266
-0.07666666666666666
-0.07666666666666666
-0.03999999999999959
-0.03999999999999959
-0.050000000000000266
-0.08999999999999986
-0.08999999999999986
-0.03999999999999959
-0.08999999999999986
-0.020000000000000018
-0.08000000000000007
-0.08000000000000007
-0.10000000000000009
-0.07000000000000028
-0.08000000000000007
-0.12666666666666693
-0.029999999999999805
-0.07000000000000028
-0.10666666666666691
-0.09666666666666623
-0.08666666666666645
-0.08000000000000007
0.020000000000000018
-0.050000000000000266
-0.046666666666666856
-0.09666666666666623
-0.07666666666666666
-0.1033333333333335
-0.050000000000000266
-0.05666666666666664
-0.050000000000000266
-0.02666666666666684
-0.009999999999999787
-0.09666666666666623
-0.09666666666666623
-0.08999999999999986
0.0
-0.1166666666666667
-0.10666666666666691
-0.03999999999999959
-0.08000000000000007
-0.1166666666666667
-0.08999999999999986
-0.10000000000000009
-0.06000000000000005
-0.10000000000000009
-0.10999999999999988
-0.10999999999999988
-0.11999999999999966
-0.08999999999999986
-0.10000000000000009
-0.08999999999999986
-0.08999999999999986
-0.08000000000000007
-0.07666666666666666
-0.13000000000000034
-0.08000000000000007
-0.13000000000000034
-0.10999999999999988
-0.10999999999999988
-0.1166666666666667
-0.06000000000000005
-0.12666666666666693
-0.1466666666666665
-0.08999999999999986
-0.1166666666666667
-0.08999999999999986
-0.08999999999999986
-0.06000000000000005
-0.07000000000000028
-0.050000000000000266
-0.03999999999999959
-0.12666666666666693
-0.03999999999999959
-0.020000000000000018
-0.029999999999999805
-0.08000000000000007
-0.050000000000000266
-0.06000000000000005
-0.06000000000000005
-0.050000000000000266
-0.10000000000000009
0.009999999999999787
-0.07666666666666666
-0.07000000000000028
-0.050000000000000266
-0.03999999999999959
-0.06000000000000005
-0.06000000000000005
-0.046666666666666856
-0.09666666666666623
-0.07000000000000028
-0.06000000000000005
-0.1166666666666667
-0.08666666666666645
-0.10000000000000009
-0.06000000000000005
-0.009999999999999787
-0.050000000000000266
-0.009999999999999787
-0.050000000000000266
-0.07000000000000028
-0.08999999999999986
-0.07000000000000028
0.020000000000000018
-0.07666666666666666
-0.06000000000000005
-0.06000000000000005
-0.07000000000000028
-0.07000000000000028
-0.06000000000000005
-0.03999999999999959
-0.06000000000000005
-0.06000000000000005
-0.06000000000000005
-0.06000000000000005
-0.06000000000000005
-0.03999999999999959
-0.06666666666666643
-0.08999999999999986
-0.07000000000000028
-0.08000000000000007
-0.08999999999999986
-0.020000000000000018
-0.08999999999999986
-0.03999999999999959
-0.10000000000000009
-0.10999999999999988
-0.10000000000000009
-0.10999999999999988
-0.050000000000000266
-0.050000000000000266
-0.08000000000000007
-0.03999999999999959
-0.10666666666666691
-0.08000000000000007
-0.08000000000000007
-0.07000000000000028
-0.1166666666666667
-0.08999999999999986
-0.050000000000000266
-0.050000000000000266
-0.08999999999999986
-0.06000000000000005
-0.020000000000000018
-0.020000000000000018
-0.050000000000000266
-0.009999999999999787
-0.08999999999999986
-0.050000000000000266
-0.08666666666666645
-0.06000000000000005
-0.03999999999999959
-0.050000000000000266
-0.08666666666666645
-0.08000000000000007
-0.07000000000000028
-0.020000000000000018
-0.009999999999999787
-0.06000000000000005
-0.08000000000000007
-0.050000000000000266
-0.029999999999999805
-0.08999999999999986
-0.05666666666666664
-0.03999999999999959
-0.03999999999999959
-0.03999999999999959
-0.029999999999999805
-0.046666666666666856
-0.029999999999999805
-0.050000000000000266
-0.07666666666666666
-0.029999999999999805
-0.050000000000000266
-0.02666666666666684
-0.08000000000000007
-0.02666666666666684
-0.06000000000000005
-0.07000000000000028
-0.07000000000000028
-0.050000000000000266
-0.07000000000000028
0.0
-0.07000000000000028
-0.009999999999999787
-0.06000000000000005
-0.050000000000000266
-0.09666666666666623
-0.07666666666666666
-0.08000000000000007
-0.08000000000000007
-0.06000000000000005
-0.06000000000000005
-0.07000000000000028
-0.09666666666666623
-0.07000000000000028
0.0
-0.009999999999999787
-0.050000000000000266
-0.08000000000000007
-0.029999999999999805
-0.06000000000000005
-0.09666666666666623
-0.06000000000000005
