-0.036666666666666625
0.11999999999999966
-0.05666666666666664
-0.12666666666666693
-0.2200000000000002
0.20666666666666655
0.013333333333333197
-0.20333333333333314
-0.07666666666666666
-0.14000000000000012
-0.0733333333333337
0.2833333333333332
0.36999999999999966
0.1766666666666663
0.41333333333333355
0.31666666666666643
0.45333333333333314
0.2833333333333332
0.12666666666666693
0.2466666666666666
0.33000000000000007
0.38000000000000034
0.33999999999999986
0.19666666666666677
0.5133333333333332
0.563333333333333
0.5399999999999996
0.10666666666666691
0.3666666666666667
0.5133333333333332
0.5033333333333334
0.23333333333333295
0.5700000000000003
0.40333333333333377
0.17999999999999972
0.4933333333333336
0.3333333333333335
0.3999999999999999
0.4166666666666665
0.5500000000000003
0.5933333333333333
0.44666666666666677
0.4866666666666668
0.7033333333333331
0.5766666666666667
0.6266666666666669
0.16333333333333355
0.3833333333333333
0.4900000000000002
0.4266666666666663
0.4866666666666668
0.3866666666666667
0.5366666666666666
0.27
0.4933333333333336
0.22666666666666657
0.18333333333333357
0.033333333333333215
0.33000000000000007
0.15666666666666673
0.05666666666666664
0.2100000000000004
0.1433333333333331
0.03999999999999959
0.2866666666666666
0.10666666666666691
0.1499999999999999
0.12666666666666693
0.10999999999999988
-0.0066666666666663765
0.12333333333333307
0.20666666666666655
0.03999999999999959
0.033333333333333215
0.023333333333333428
-0.03999999999999959
0.16333333333333355
0.043333333333333446
0.020000000000000018
0.08000000000000007
0.043333333333333446
0.11333333333333329
0.21333333333333337
0.029999999999999805
0.08000000000000007
0.05666666666666664
0.13666666666666671
0.10999999999999988
0.10666666666666691
0.16333333333333355
0.1333333333333333
0.1499999999999999
0.16333333333333355
0.1499999999999999
0.22666666666666657
0.1766666666666663
0.11999999999999966
0.11999999999999966
0.1466666666666665
0.11999999999999966
0.16000000000000014
0.16000000000000014
0.18666666666666698
0.12333333333333307
0.1766666666666663
0.2533333333333334
0.16000000000000014
0.10666666666666691
0.10666666666666691
0.09333333333333327
0.1466666666666665
0.1333333333333333
0.09666666666666623
0.16000000000000014
0.17333333333333334
0.11999999999999966
0.08333333333333348
0.07000000000000028
0.08333333333333348
0.1333333333333333
0.08000000000000007
0.08000000000000007
0.17333333333333334
0.09333333333333327
0.06666666666666643
0.1333333333333333
0.1466666666666665
0.05666666666666664
0.10666666666666691
0.043333333333333446
0.03999999999999959
0.08000000000000007
0.0033333333333334103
0.08000000000000007
0.013333333333333197
0.02666666666666684
0.03999999999999959
0.05333333333333323
0.01666666666666705
0.02666666666666684
0.0033333333333334103
0.013333333333333197
0.01666666666666705
0.03999999999999959
0.02666666666666684
0.06666666666666643
0.03999999999999959
0.02666666666666684
0.02666666666666684
0.03999999999999959
0.0
-0.009999999999999787
0.0
0.03999999999999959
0.0
0.03999999999999959
-0.02666666666666684
-0.009999999999999787
0.0
0.0
0.0
-0.02666666666666684
0.0
0.0
0.0
0.03999999999999959
-0.009999999999999787
0.0
0.0
0.03999999999999959
-0.009999999999999787
-0.009999999999999787
-0.009999999999999787
-0.009999999999999787
-0.02666666666666684
-0.009999999999999787
0.03999999999999959
0.0
0.0
-0.009999999999999787
-0.009999999999999787
0.0
0.0
0.03999999999999959
0.03999999999999959
-0.009999999999999787
0.0
0.013333333333333197
0.03999999999999959
-0.009999999999999787
0.03999999999999959
-0.009999999999999787
0.03999999999999959
-0.009999999999999787
-0.009999999999999787
0.0
0.0
-0.009999999999999787
0.0
0.0
-0.009999999999999787
-0.009999999999999787
0.0
-0.009999999999999787
-0.009999999999999787
-0.009999999999999787
-0.009999999999999787
-0.009999999999999787
-0.02666666666666684
-0.009999999999999787
0.013333333333333197
-0.009999999999999787
0.0
0.0
-0.009999999999999787
0.0
0.0
-0.009999999999999787
0.0
-0.02666666666666684
-0.009999999999999787
0.0
-0.009999999999999787
-0.009999999999999787
-0.009999999999999787
0.0
0.0
0.0
-0.009999999999999787
0.0
-0.009999999999999787
0.0
-0.009999999999999787
-0.009999999999999787
-0.009999999999999787
0.03999999999999959
-0.009999999999999787
-0.009999999999999787
0.0
0.0
0.0
0.0
0.03999999999999959
-0.009999999999999787
0.0
-0.009999999999999787
0.0
0.0
0.03999999999999959
0.0
0.03999999999999959
0.013333333333333197
0.0
0.0
0.0
-0.009999999999999787
0.03999999999999959
-0.02666666666666684
0.0
-0.009999999999999787
0.03999999999999959
0.0
0.0
0.0
-0.02666666666666684
0.03999999999999959
-0.009999999999999787
-0.009999999999999787
-0.009999999999999787
0.03999999999999959
0.0
-0.009999999999999787
0.03999999999999959
0.03999999999999959
0.0
0.03999999999999959
0.0
0.0
-0.009999999999999787
0.0
0.013333333333333197
-0.009999999999999787
0.0
0.0
-0.009999999999999787
-0.02666666666666684
0.0
0.0
0.03999999999999959
0.0
-0.02666666666666684
0.0
-0.009999999999999787
-0.009999999999999787
0.0
-0.009999999999999787
0.013333333333333197
-0.009999999999999787
-0.009999999999999787
0.0
-0.009999999999999787
-0.009999999999999787
-0.009999999999999787
-0.009999999999999787
0.0
0.0
-0.009999999999999787
-0.009999999999999787
0.0
-0.009999999999999787
0.0
0.0
0.03999999999999959
-0.009999999999999787
0.03999999999999959
0.0
-0.009999999999999787
0.013333333333333197
0.0
0.03999999999999959
0.0
0.013333333333333197
-0.02666666666666684
0.0
-0.009999999999999787
0.0
0.0
0.0
0.0
0.0
0.0
0.03999999999999959
-0.009999999999999787
0.03999999999999959
0.0
0.03999999999999959
0.0
0.03999999999999959
-0.009999999999999787
0.0
0.03999999999999959
0.0
-0.009999999999999787
0.0
-0.009999999999999787
0.0
0.0
-0.009999999999999787
0.0
-0.02666666666666684
0.0
-0.009999999999999787
0.0
-0.009999999999999787
0.0
0.0
0.0
0.0
-0.009999999999999787
0.0
-0.009999999999999787
0.0
0.03999999999999959
0.0
0.0
0.0
0.0
0.0
0.0
0.0
-0.009999999999999787
0.0
0.0
-0.009999999999999787
0.0
-0.009999999999999787
0.0
0.0
0.0
0.0
-0.009999999999999787
0.0
-0.02666666666666684
0.0
-0.009999999999999787
0.0
0.0
0.0
0.0
0.0
0.03999999999999959
0.03999999999999959
-0.02666666666666684
0.0
-0.009999999999999787
-0.009999999999999787
0.0
-0.02666666666666684
0.03999999999999959
0.0
-0.009999999999999787
0.0
-0.02666666666666684
0.03999999999999959
-0.009999999999999787
0.03999999999999959
0.0
-0.009999999999999787
-0.009999999999999787
-0.009999999999999787
0.0
0.0
0.0
-0.009999999999999787
0.0
-0.02666666666666684
0.0
0.03999999999999959
0.0
-0.009999999999999787
0.0
0.0
0.0
0.0
0.0
0.0
-0.009999999999999787
0.0
-0.009999999999999787
-0.009999999999999787
-0.009999999999999787
0.03999999999999959
0.03999999999999959
0.03999999999999959
0.0
0.0
0.0
0.03999999999999959
0.0
0.03999999999999959
0.0
0.0
0.013333333333333197
0.013333333333333197
0.03999999999999959
0.0
-0.009999999999999787
-0.009999999999999787
0.0
0.0
-0.009999999999999787
0.0
0.0
-0.009999999999999787
-0.009999999999999787
-0.02666666666666684
0.0
0.0
0.0
0.0
-0.009999999999999787
-0.009999999999999787
0.0
0.0
0.0
0.0
0.0
0.0
0.0
0.0
-0.009999999999999787
-0.009999999999999787
-0.009999999999999787
-0.009999999999999787
-0.009999999999999787
-0.009999999999999787
0.03999999999999959
-0.009999999999999787
0.03999999999999959
0.03999999999999959
-0.02666666666666684
-0.02666666666666684
0.0
0.0
-0.009999999999999787
0.03999999999999959
0.0
0.03999999999999959
0.0
0.0
0.0
0.013333333333333197
-0.009999999999999787
0.0
0.0
0.03999999999999959
0.0
0.03999999999999959
-0.009999999999999787
0.03999999999999959
-0.009999999999999787
0.03999999999999959
-0.009999999999999787
0.0
0.0
0.0
0.03999999999999959
0.0
0.0
0.0
0.0
0.03999999999999959
0.0
-0.009999999999999787
-0.009999999999999787
0.0
-0.009999999999999787
0.0
0.0
0.0
0.03999999999999959
-0.009999999999999787
0.0
0.0
0.03999999999999959
-0.02666666666666684
-0.02666666666666684
0.0
0.0
0.0
0.0
0.03999999999999959
-0.009999999999999787
-0.009999999999999787
-0.009999999999999787
0.0
-0.009999999999999787
-0.009999999999999787
-0.009999999999999787
0.0
0.0
0.0
0.03999999999999959
0.0
0.0
0.0
-0.02666666666666684
-0.009999999999999787
-0.009999999999999787
-0.02666666666666684
-0.02666666666666684
0.0
-0.02666666666666684
0.0
0.0
-0.009999999999999787
0.0
0.03999999999999959
0.0
0.0
0.03999999999999959
0.03999999999999959
0.07000000000000028
0.10999999999999988
0.009999999999999787
0.0033333333333334103
0.08000000000000007
0.029999999999999805
0.07000000000000028
0.10999999999999988
0.05333333333333323
0.11999999999999966
0.07000000000000028
0.10999999999999988
0.043333333333333446
0.08333333333333348
0.16000000000000014
-0.033333333333333215
0.10999999999999988
0.0033333333333334103
0.043333333333333446
-0.029999999999999805
-0.036666666666666625
0.08000000000000007
0.08333333333333348
0.10000000000000009
0.0
0.043333333333333446
0.09333333333333327
0.020000000000000018
0.020000000000000018
0.013333333333333197
0.013333333333333197
0.0033333333333334103
0.07000000000000028
0.020000000000000018
0.08000000000000007
0.03999999999999959
0.05333333333333323
0.03999999999999959
0.03999999999999959
0.08000000000000007
0.029999999999999805
0.05333333333333323
0.08000000000000007
0.029999999999999805
0.029999999999999805
0.013333333333333197
0.03999999999999959
0.08000000000000007
0.020000000000000018
0.03999999999999959
0.013333333333333197
0.029999999999999805
0.03999999999999959
0.08000000000000007
0.029999999999999805
0.013333333333333197
0.0
0.03999999999999959
0.0
0.0
0.0
0.03999999999999959
0.0
0.0
0.0
0.0
-0.009999999999999787
0.0
0.03999999999999959
-0.02666666666666684
0.03999999999999959
0.0
-0.009999999999999787
0.0
0.0
0.0
-0.009999999999999787
0.0
-0.02666666666666684
0.0
-0.02666666666666684
0.0
-0.009999999999999787
0.0
0.0
0.0
0.0
0.0
0.0
0.013333333333333197
-0.009999999999999787
0.03999999999999959
0.0
0.0
-0.009999999999999787
-0.009999999999999787
0.0
0.0
0.0
-0.009999999999999787
0.0
0.0
0.03999999999999959
-0.009999999999999787
0.0
0.013333333333333197
-0.02666666666666684
-0.009999999999999787
-0.009999999999999787
0.03999999999999959
-0.009999999999999787
0.0
0.03999999999999959
-0.02666666666666684
-0.009999999999999787
0.0
-0.02666666666666684
-0.009999999999999787
0.03999999999999959
0.03999999999999959
-0.009999999999999787
0.0
-0.009999999999999787
0.0
-0.009999999999999787
0.03999999999999959
0.0
0.0
-0.009999999999999787
-0.009999999999999787
0.0
-0.02666666666666684
-0.009999999999999787
-0.009999999999999787
0.0
0.0
0.0
0.0
-0.009999999999999787
0.0
-0.009999999999999787
0.03999999999999959
-0.009999999999999787
-0.009999999999999787
0.0
-0.02666666666666684
0.0
0.0
0.0
0.0
0.03999999999999959
-0.009999999999999787
0.0
0.0
0.0
0.0
0.0
0.0
-0.009999999999999787
-0.009999999999999787
0.0
-0.009999999999999787
0.0
0.03999999999999959
0.0
-0.02666666666666684
-0.009999999999999787
0.03999999999999959
0.03999999999999959
0.0
0.03999999999999959
0.0
0.03999999999999959
-0.009999999999999787
0.03999999999999959
0.029999999999999805
0.06000000000000005
0.10000000000000009
0.10999999999999988
0.020000000000000018
0.009999999999999787
0.10000000000000009
0.06000000000000005
0.16000000000000014
0.020000000000000018
0.08000000000000007
0.07000000000000028
0.07000000000000028
0.10999999999999988
0.020000000000000018
0.09333333333333327
0.029999999999999805
0.029999999999999805
0.029999999999999805
-0.02666666666666684
-0.009999999999999787
0.0
-0.009999999999999787
-0.009999999999999787
0.0
0.013333333333333197
0.03999999999999959
-0.009999999999999787
0.03999999999999959
-0.009999999999999787
0.0
-0.009999999999999787
0.0
0.03999999999999959
0.03999999999999959
0.03999999999999959
0.03999999999999959
-0.009999999999999787
-0.009999999999999787
0.0
0.03999999999999959
-0.02666666666666684
-0.009999999999999787
0.0
-0.009999999999999787
0.0
-0.009999999999999787
-0.02666666666666684
0.03999999999999959
-0.009999999999999787
0.0
0.0
-0.009999999999999787
-0.009999999999999787
-0.02666666666666684
0.0
0.03999999999999959
0.0
-0.009999999999999787
-0.02666666666666684
-0.009999999999999787
-0.02666666666666684
0.0
-0.009999999999999787
-0.02666666666666684
0.0
0.0
0.0
-0.009999999999999787
0.03999999999999959
0.0
0.0
-0.009999999999999787
0.0
0.0
0.03999999999999959
0.0
0.03999999999999959
0.03999999999999959
0.08000000000000007
0.013333333333333197
0.029999999999999805
0.029999999999999805
0.03999999999999959
0.03999999999999959
0.029999999999999805
0.029999999999999805
0.08000000000000007
0.03999999999999959
0.08000000000000007
0.08000000000000007
-0.009999999999999787
-0.009999999999999787
0.03999999999999959
0.03999999999999959
0.03999999999999959
0.03999999999999959
-0.009999999999999787
0.0
0.0
-0.009999999999999787
-0.009999999999999787
-0.009999999999999787
0.03999999999999959
0.0
0.0
0.0
-0.009999999999999787
0.0
0.03999999999999959
0.03999999999999959
-0.009999999999999787
0.0
-0.009999999999999787
0.0
0.0
0.03999999999999959
0.0
0.013333333333333197
-0.009999999999999787
0.0
0.0
-0.009999999999999787
0.03999999999999959
0.0
0.0
0.03999999999999959
0.0
0.0
0.0
0.0
-0.009999999999999787
0.0
0.03999999999999959
0.0
0.03999999999999959
0.0
0.0
0.0
-0.009999999999999787
-0.009999999999999787
0.0
0.0
0.0
0.0
-0.009999999999999787
0.03999999999999959
-0.009999999999999787
0.0
0.0
0.03999999999999959
0.03999999999999959
-0.009999999999999787
-0.009999999999999787
0.0
-0.009999999999999787
0.03999999999999959
0.013333333333333197
0.0
-0.009999999999999787
-0.009999999999999787
0.0
-0.009999999999999787
-0.009999999999999787
-0.009999999999999787
0.0
0.03999999999999959
-0.02666666666666684
0.0
0.0
0.0
0.0
0.03999999999999959
0.0
0.03999999999999959
0.0
0.03999999999999959
0.0
0.0
-0.02666666666666684
-0.009999999999999787
0.0
0.03999999999999959
0.0
0.0
-0.009999999999999787
0.0
-0.009999999999999787
0.03999999999999959
0.0
0.013333333333333197
0.013333333333333197
0.03999999999999959
0.0
0.013333333333333197
0.0
0.0
0.0
-0.009999999999999787
-0.009999999999999787
0.0
-0.009999999999999787
0.0
0.0
0.0
0.0
-0.009999999999999787
0.0
0.0
0.013333333333333197
-0.009999999999999787
0.0
0.0
-0.02666666666666684
0.0
0.0
0.03999999999999959
0.0
-0.009999999999999787
0.0
0.0
0.0
0.0
-0.009999999999999787
0.0
0.0
0.0
0.0
-0.02666666666666684
0.013333333333333197
-0.009999999999999787
0.0
0.03999999999999959
0.03999999999999959
0.03999999999999959
0.029999999999999805
0.08000000000000007
0.03999999999999959
0.03999999999999959
0.029999999999999805
0.03999999999999959
0.0
0.03999999999999959
0.0
0.0
-0.009999999999999787
-0.009999999999999787
-0.009999999999999787
0.0
0.0
0.0
0.03999999999999959
0.0
-0.009999999999999787
-0.009999999999999787
0.0
0.0
0.0
0.0
-0.009999999999999787
-0.009999999999999787
0.0
0.0
0.0
0.03999999999999959
-0.009999999999999787
0.0
-0.009999999999999787
-0.02666666666666684
0.0
0.0
-0.009999999999999787
0.0
-0.009999999999999787
0.0
0.0
0.0
0.0
-0.009999999999999787
0.0
0.03999999999999959
-0.009999999999999787
-0.009999999999999787
0.0
0.0
0.0
0.0
-0.009999999999999787
-0.009999999999999787
-0.009999999999999787
0.03999999999999959
-0.009999999999999787
0.03999999999999959
-0.009999999999999787
-0.009999999999999787
0.0
0.03999999999999959
-0.009999999999999787
-0.009999999999999787
0.0
0.0
-0.009999999999999787
0.0
0.0
0.013333333333333197
0.03999999999999959
0.0
0.0
-0.009999999999999787
0.03999999999999959
0.0
0.0
-0.009999999999999787
0.0
0.03999999999999959
-0.009999999999999787
0.0
0.0
0.0
-0.009999999999999787
0.0
-0.009999999999999787
0.03999999999999959
0.03999999999999959
0.0
0.0
0.0
0.0
-0.009999999999999787
0.03999999999999959
-0.009999999999999787
0.03999999999999959
-0.009999999999999787
0.0
0.0
0.03999999999999959
-0.009999999999999787
-0.02666666666666684
0.03999999999999959
0.0
0.0
0.0
0.0
-0.009999999999999787
-0.009999999999999787
0.0
0.03999999999999959
0.0
-0.009999999999999787
0.0
-0.009999999999999787
0.0
0.0
0.03999999999999959
0.03999999999999959
0.0
-0.009999999999999787
0.03999999999999959
0.0
-0.009999999999999787
-0.009999999999999787
0.03999999999999959
0.0
0.0
0.0
-0.009999999999999787
0.0
-0.009999999999999787
0.0
-0.009999999999999787
0.0
0.0
0.0
0.0
-0.009999999999999787
-0.009999999999999787
0.0
0.0
0.03999999999999959
0.0
-0.009999999999999787
0.0
0.0
0.0
0.0
0.0
0.0
-0.009999999999999787
0.0
0.0
0.0
-0.009999999999999787
0.0
0.0
0.0
0.03999999999999959
0.03999999999999959
0.0
-0.009999999999999787
-0.009999999999999787
0.03999999999999959
0.0
-0.009999999999999787
0.0
-0.009999999999999787
-0.009999999999999787
0.03999999999999959
0.0
0.0
0.0
0.03999999999999959
0.03999999999999959
0.0
0.03999999999999959
0.0
-0.009999999999999787
-0.009999999999999787
0.013333333333333197
0.013333333333333197
0.03999999999999959
0.03999999999999959
-0.009999999999999787
0.0
-0.009999999999999787
-0.009999999999999787
-0.009999999999999787
0.0
-0.009999999999999787
0.0
-0.009999999999999787
0.0
-0.009999999999999787
-0.009999999999999787
0.0
0.03999999999999959
0.0
0.03999999999999959
-0.009999999999999787
0.03999999999999959
0.08000000000000007
0.03999999999999959
0.03999999999999959
0.029999999999999805
0.0
0.0
0.0
0.03999999999999959
0.03999999999999959
0.03999999999999959
0.03999999999999959
-0.009999999999999787
0.0
0.013333333333333197
-0.009999999999999787
0.0
0.03999999999999959
0.03999999999999959
0.013333333333333197
0.0
0.0
0.03999999999999959
0.0
0.0
-0.009999999999999787
-0.009999999999999787
-0.009999999999999787
0.0
0.03999999999999959
0.0
-0.009999999999999787
0.0
0.03999999999999959
0.03999999999999959
0.0
0.0
0.0
0.03999999999999959
0.0
0.03999999999999959
-0.009999999999999787
0.03999999999999959
0.0
0.03999999999999959
-0.009999999999999787
-0.009999999999999787
0.0
-0.009999999999999787
0.0
-0.02666666666666684
-0.009999999999999787
0.03999999999999959
0.0
-0.02666666666666684
0.0
0.03999999999999959
0.03999999999999959
-0.009999999999999787
0.0
0.03999999999999959
0.0
0.0
0.0
0.03999999999999959
0.0
-0.009999999999999787
0.0
-0.02666666666666684
-0.009999999999999787
0.0
0.0
-0.009999999999999787
-0.009999999999999787
0.03999999999999959
0.0
0.0
0.03999999999999959
0.0
0.0
-0.009999999999999787
-0.009999999999999787
0.03999999999999959
0.11999999999999966
0.16000000000000014
0.10000000000000009
0.1499999999999999
0.10999999999999988
0.16000000000000014
0.16000000000000014
0.16000000000000014
0.18999999999999995
0.16999999999999993
0.22999999999999998
0.18999999999999995
0.2400000000000002
0.3599999999999999
0.2200000000000002
0.18999999999999995
0.2400000000000002
0.2799999999999998
0.2200000000000002
0.3599999999999999
0.2599999999999998
0.38000000000000034
0.38000000000000034
0.5500000000000003
0.5
0.4600000000000004
0.5299999999999998
0.6400000000000001
0.7799999999999998
0.81
1.08
1.2299999999999995
1.0899999999999999
1.1100000000000003
1.2000000000000002
1.2000000000000002
1.4400000000000004
1.3600000000000003
1.3200000000000003
1.3999999999999995
1.3899999999999997
1.5899999999999999
1.5899999999999999
1.6100000000000003
1.6100000000000003
1.8200000000000003
2.01
2.0300000000000002
1.9699999999999998
2.08
2.1799999999999997
2.38
2.1399999999999997
2.1000000000000005
1.9299999999999997
2.2
2.1799999999999997
2.33
2.5599999999999996
2.4699999999999998
2.59
2.75
2.5199999999999996
2.7
2.7300000000000004
2.71
2.9400000000000004
2.7399999999999993
2.7633333333333328
2.9400000000000004
2.9699999999999998
2.88
2.87
2.9400000000000004
2.88
2.920000000000001
2.826666666666667
3.1499999999999995
3.1099999999999994
3.1099999999999994
3.3500000000000005
3.2399999999999993
3.2199999999999998
3.3999999999999995
3.54
3.4699999999999998
3.7
3.66
3.5
3.66
3.6000000000000005
3.579999999999999
3.7399999999999993
3.670000000000001
3.670000000000001
3.7199999999999998
3.46
3.8200000000000003
3.8200000000000003
3.7699999999999996
3.8200000000000003
3.7699999999999996
3.7199999999999998
3.62
3.7699999999999996
3.670000000000001
3.7600000000000007
3.670000000000001
3.8200000000000003
3.6099999999999994
3.62
3.670000000000001
3.6099999999999994
3.5599999999999996
3.5700000000000003
3.7199999999999998
3.6099999999999994
3.4699999999999998
3.5700000000000003
3.5700000000000003
3.6099999999999994
3.62
3.5100000000000007
3.66
3.6099999999999994
3.5199999999999996
3.62
3.5199999999999996
3.5700000000000003
3.7600000000000007
3.71
3.7
3.7600000000000007
3.8099999999999996
3.8
3.7
3.71
3.8500000000000005
3.7
3.8500000000000005
3.91
3.71
3.7
3.66
3.6499999999999995
3.66
3.66
3.8
3.6499999999999995
3.66
3.75
3.6000000000000005
3.5100000000000007
3.6000000000000005
3.7
3.6099999999999994
3.7600000000000007
3.6099999999999994
3.6833333333333336
3.7600000000000007
3.71
3.7
3.66
3.75
3.8500000000000005
3.8
3.8599999999999994
3.8599999999999994
3.71
3.75
3.7600000000000007
3.71
3.7600000000000007
3.66
3.66
3.6000000000000005
3.8500000000000005
3.7
3.66
3.7
3.583333333333333
3.6499999999999995
3.6099999999999994
3.6499999999999995
3.71
3.6833333333333336
3.7600000000000007
3.6499999999999995
3.6000000000000005
3.7600000000000007
3.7
3.66
3.75
3.6099999999999994
3.6099999999999994
3.8
3.7
3.71
3.7333333333333334
3.7
3.5100000000000007
3.6499999999999995
3.6499999999999995
3.66
3.66
3.7
3.8099999999999996
3.8099999999999996
3.833333333333333
3.7
3.6499999999999995
3.533333333333334
3.7600000000000007
3.5599999999999996
3.71
3.5599999999999996
3.7600000000000007
3.7233333333333336
3.8099999999999996
3.7600000000000007
3.75
3.95
3.71
3.8099999999999996
3.7600000000000007
3.75
3.7
3.66
3.71
3.75
3.8099999999999996
3.75
3.6099999999999994
3.55
3.66
3.75
3.75
3.8099999999999996
3.66
3.8099999999999996
3.75
3.66
3.7
3.6499999999999995
3.66
3.5
3.55
3.45
3.5100000000000007
3.71
3.66
3.4833333333333334
3.55
3.41
3.55
3.41
3.5
3.5599999999999996
3.45
3.6000000000000005
3.5100000000000007
3.7
3.55
3.5100000000000007
3.6499999999999995
3.45
3.4833333333333334
3.5599999999999996
3.4833333333333334
3.2600000000000007
3.3500000000000005
3.6099999999999994
3.46
3.3099999999999996
3.3599999999999994
3.5
3.5100000000000007
3.66
3.5599999999999996
3.6833333333333336
3.8099999999999996
3.8
3.7600000000000007
3.7600000000000007
3.7
3.7600000000000007
3.71
3.71
3.8099999999999996
3.8
3.7
3.7600000000000007
3.7600000000000007
3.71
3.6099999999999994
3.5599999999999996
3.75
3.7
3.66
3.55
3.6499999999999995
3.66
3.6000000000000005
3.7
3.71
3.75
3.6499999999999995
3.8
3.6099999999999994
3.6099999999999994
3.5599999999999996
3.5
3.5100000000000007
3.5100000000000007
3.5100000000000007
3.5100000000000007
3.3999999999999995
3.45
3.5599999999999996
3.41
3.46
3.5100000000000007
3.71
3.55
3.75
3.5599999999999996
3.6099999999999994
3.7
3.66
3.5
3.423333333333333
3.6000000000000005
3.6000000000000005
3.46
3.66
3.6000000000000005
3.5599999999999996
3.5599999999999996
3.6099999999999994
3.6499999999999995
3.7
3.633333333333333
3.6099999999999994
3.6000000000000005
3.66
3.45
3.3999999999999995
3.7
3.6000000000000005
3.41
3.3999999999999995
3.45
3.46
3.45
3.5100000000000007
3.45
3.46
3.45
3.5599999999999996
3.5100000000000007
3.6099999999999994
3.6099999999999994
3.6499999999999995
3.633333333333333
3.6099999999999994
3.7600000000000007
3.7600000000000007
3.71
3.75
3.7
3.623333333333334
3.6833333333333336
3.6099999999999994
3.6499999999999995
3.5599999999999996
3.4333333333333336
3.5
3.3500000000000005
3.46
3.3
3.41
3.46
3.3599999999999994
3.25
3.3500000000000005
3.3
3.3999999999999995
3.5
3.3500000000000005
3.6499999999999995
3.71
3.3999999999999995
3.383333333333333
3.5100000000000007
3.5
3.5100000000000007
3.6000000000000005
3.5
3.5
3.46
3.3500000000000005
3.45
3.1833333333333336
3.3999999999999995
3.21
3.4733333333333336
3.5100000000000007
3.6000000000000005
3.6000000000000005
3.55
3.3599999999999994
3.5100000000000007
3.5100000000000007
3.5599999999999996
3.41
3.3500000000000005
3.46
3.45
3.5100000000000007
3.71
3.5599999999999996
3.6099999999999994
3.46
3.5599999999999996
3.45
3.45
3.3599999999999994
3.46
3.6099999999999994
3.5100000000000007
3.66
3.533333333333334
3.7
3.55
3.4333333333333336
3.633333333333333
3.633333333333333
3.6099999999999994
3.633333333333333
3.633333333333333
3.66
3.75
3.71
3.6000000000000005
3.46
3.633333333333333
3.7
3.7600000000000007
3.583333333333333
3.6099999999999994
3.66
3.7600000000000007
3.75
3.7600000000000007
3.7600000000000007
3.8099999999999996
3.7600000000000007
3.7
3.66
3.7600000000000007
3.6499999999999995
3.673333333333333
3.383333333333333
3.6499999999999995
3.7
3.71
3.5599999999999996
3.45
3.5100000000000007
3.6099999999999994
3.66
3.6499999999999995
3.55
3.7600000000000007
3.75
3.7
3.783333333333334
3.7600000000000007
3.6099999999999994
3.66
3.6000000000000005
3.5599999999999996
3.5599999999999996
3.6099999999999994
3.633333333333333
3.6499999999999995
3.533333333333334
3.7333333333333334
3.6000000000000005
3.5100000000000007
3.6099999999999994
3.4833333333333334
3.66
3.5
3.5100000000000007
3.46
3.41
3.5599999999999996
3.45
3.6000000000000005
3.5
3.55
3.5
3.6000000000000005
3.5
3.6099999999999994
3.6099999999999994
3.66
3.6099999999999994
3.6499999999999995
3.4833333333333334
3.45
3.533333333333334
3.55
3.6833333333333336
3.6099999999999994
3.46
3.6099999999999994
3.55
3.7
3.75
3.5100000000000007
3.5
3.5100000000000007
3.5100000000000007
3.5599999999999996
3.55
3.633333333333333
3.6099999999999994
3.46
3.6099999999999994
3.71
3.66
3.66
3.7
3.8099999999999996
3.71
3.6833333333333336
3.6833333333333336
3.75
3.5599999999999996
3.7600000000000007
3.5
3.5
3.5599999999999996
3.55
3.66
3.6099999999999994
3.6000000000000005
3.5
3.6099999999999994
3.55
3.4433333333333325
3.5599999999999996
3.55
3.493333333333333
3.5933333333333337
3.5933333333333337
3.5100000000000007
3.8099999999999996
3.7
3.833333333333333
3.583333333333333
3.633333333333333
3.616666666666667
3.7
3.783333333333334
3.7
3.6933333333333325
3.66
3.533333333333334
3.533333333333334
3.5
3.71
3.493333333333333
3.533333333333334
3.5599999999999996
3.55
3.4833333333333334
3.5100000000000007
3.5100000000000007
3.46
3.46
3.45
3.45
3.3599999999999994
3.55
3.5
3.55
3.5
3.6000000000000005
3.5233333333333334
3.3500000000000005
3.6000000000000005
3.3599999999999994
3.45
3.3999999999999995
3.4833333333333334
3.66
3.4333333333333336
3.333333333333333
3.3099999999999996
3.4833333333333334
3.55
3.5100000000000007
3.7
3.6099999999999994
3.5100000000000007
3.7600000000000007
3.4333333333333336
3.5599999999999996
3.66
3.6099999999999994
3.5599999999999996
3.71
3.7
3.7
3.71
3.5100000000000007
3.8099999999999996
3.6833333333333336
3.6499999999999995
3.7600000000000007
3.8
3.71
3.7
3.833333333333333
3.583333333333333
3.6099999999999994
3.7
3.4833333333333334
3.633333333333333
3.5100000000000007
3.66
3.71
3.7
3.71
3.75
3.66
3.55
3.6499999999999995
3.8599999999999994
3.6833333333333336
3.71
3.7
3.66
3.6499999999999995
3.66
3.8099999999999996
3.71
3.7
3.66
3.66
3.7
3.8
3.5733333333333333
3.55
3.6499999999999995
3.5599999999999996
3.55
3.66
3.55
3.5599999999999996
3.46
3.41
3.46
3.45
3.5100000000000007
3.5100000000000007
3.55
3.5599999999999996
3.533333333333334
3.6000000000000005
3.6000000000000005
3.6000000000000005
3.4833333333333334
3.55
3.71
3.7600000000000007
3.55
3.66
3.66
3.66
3.75
3.71
3.5100000000000007
3.75
3.633333333333333
3.6499999999999995
3.5599999999999996
3.7
3.633333333333333
3.6099999999999994
3.66
3.66
3.71
3.71
3.6000000000000005
3.71
3.8
3.55
3.783333333333334
3.8
3.7600000000000007
3.8
3.8500000000000005
3.833333333333333
3.8500000000000005
3.75
3.6833333333333336
3.8500000000000005
3.71
3.7733333333333334
3.6000000000000005
3.7733333333333334
3.71
3.66
3.66
3.75
3.6000000000000005
3.7600000000000007
3.6499999999999995
3.71
3.7
3.71
3.583333333333333
3.6833333333333336
3.6099999999999994
3.6000000000000005
3.71
3.66
3.66
3.583333333333333
3.66
3.7600000000000007
3.71
3.71
3.5599999999999996
3.6099999999999994
3.7
3.583333333333333
3.6499999999999995
