0.06000000000000005
-0.1033333333333335
-0.0733333333333337
-0.20666666666666655
-0.18333333333333357
0.09666666666666623
0.20333333333333314
0.12666666666666693
0.2866666666666666
0.43999999999999995
0.32666666666666666
0.13000000000000034
0.3633333333333333
0.30333333333333323
0.4633333333333334
0.33666666666666645
0.5533333333333332
0.686666666666667
0.2899999999999996
0.516666666666667
0.40666666666666673
0.5833333333333335
0.3599999999999999
0.563333333333333
0.5933333333333333
0.3500000000000001
0.4633333333333334
0.516666666666667
0.7133333333333334
0.6199999999999997
0.7633333333333332
1.0099999999999998
0.6066666666666669
0.81
0.7566666666666664
0.9633333333333334
0.44333333333333336
1.003333333333333
1.2599999999999998
1.1833333333333336
1.1466666666666665
0.98
1.083333333333333
1.0733333333333333
1.0599999999999996
1.1100000000000003
1.0499999999999998
0.8766666666666669
0.8233333333333337
1.0066666666666668
1.1366666666666667
1.1000000000000005
1.0166666666666666
1.1866666666666665
1.0966666666666667
1.1366666666666667
1.076666666666667
1.2366666666666672
1.1366666666666667
1.076666666666667
1.5
1.4100000000000001
1.2400000000000002
1.543333333333334
1.1133333333333333
1.0200000000000005
1.173333333333333
1.08
1.1100000000000003
1.0533333333333337
1.13
1.293333333333334
1.0166666666666666
0.9900000000000002
1.17
1.4100000000000001
1.3466666666666667
1.3500000000000005
1.4366666666666665
1.3899999999999997
1.37
1.04
1.33
1.0200000000000005
0.8666666666666667
0.98
1.0533333333333337
0.7933333333333334
0.8366666666666664
0.94
0.8599999999999999
0.983333333333333
0.8500000000000001
0.9333333333333336
0.8500000000000001
0.7400000000000002
0.8366666666666664
0.7899999999999996
0.6999999999999997
0.6066666666666669
0.563333333333333
0.5899999999999999
0.5966666666666662
0.52
0.6633333333333336
0.5266666666666668
0.6066666666666669
0.6233333333333331
0.6000000000000001
0.5700000000000003
0.5500000000000003
0.44333333333333336
0.5366666666666666
0.41333333333333355
0.4600000000000004
0.41000000000000014
0.3733333333333331
0.3533333333333335
0.33999999999999986
0.30333333333333323
0.41000000000000014
0.33000000000000007
0.34666666666666623
0.29666666666666686
0.27
0.2599999999999998
0.19666666666666677
0.30000000000000027
0.29666666666666686
0.15666666666666673
0.08666666666666645
0.08999999999999986
0.08999999999999986
0.0066666666666663765
-0.033333333333333215
-0.07000000000000028
0.013333333333333197
-0.029999999999999805
0.01666666666666705
0.013333333333333197
-0.009999999999999787
0.02666666666666684
0.02666666666666684
0.013333333333333197
0.013333333333333197
0.03999999999999959
0.0033333333333334103
-0.009999999999999787
-0.02666666666666684
0.013333333333333197
0.020000000000000018
-0.009999999999999787
-0.05666666666666664
-0.0733333333333337
0.029999999999999805
-0.009999999999999787
-0.009999999999999787
-0.01666666666666705
-0.029999999999999805
-0.029999999999999805
0.020000000000000018
-0.020000000000000018
-0.020000000000000018
-0.020000000000000018
-0.029999999999999805
-0.020000000000000018
-0.036666666666666625
-0.009999999999999787
-0.009999999999999787
-0.009999999999999787
0.029999999999999805
0.029999999999999805
-0.009999999999999787
0.0033333333333334103
-0.020000000000000018
0.0033333333333334103
0.029999999999999805
0.0033333333333334103
0.0
-0.009999999999999787
0.03999999999999959
0.03999999999999959
0.0
-0.009999999999999787
0.0
-0.02666666666666684
0.013333333333333197
0.03999999999999959
-0.009999999999999787
0.013333333333333197
0.0
0.013333333333333197
0.0
0.0
-0.009999999999999787
-0.009999999999999787
-0.009999999999999787
-0.02666666666666684
0.0
0.03999999999999959
0.013333333333333197
0.0
0.03999999999999959
-0.009999999999999787
-0.02666666666666684
0.0
0.03999999999999959
-0.009999999999999787
0.0
-0.009999999999999787
-0.009999999999999787
0.013333333333333197
0.013333333333333197
-0.009999999999999787
0.013333333333333197
-0.009999999999999787
0.013333333333333197
0.03999999999999959
0.0
0.0
0.0
-0.009999999999999787
0.03999999999999959
0.013333333333333197
-0.009999999999999787
0.0
0.0
0.013333333333333197
-0.02666666666666684
0.0
0.03999999999999959
0.0
0.03999999999999959
0.03999999999999959
0.0
0.03999999999999959
0.0
0.013333333333333197
0.0
0.0
0.03999999999999959
0.0
0.03999999999999959
-0.009999999999999787
-0.02666666666666684
-0.009999999999999787
-0.009999999999999787
0.03999999999999959
0.03999999999999959
0.0
-0.02666666666666684
-0.009999999999999787
-0.009999999999999787
-0.009999999999999787
-0.009999999999999787
0.0
0.0
0.013333333333333197
0.013333333333333197
-0.02666666666666684
0.0
0.0
0.0
-0.009999999999999787
-0.009999999999999787
-0.009999999999999787
0.0
0.0
0.0
0.0
0.013333333333333197
-0.009999999999999787
0.013333333333333197
0.013333333333333197
-0.009999999999999787
0.0
0.0
0.03999999999999959
-0.009999999999999787
-0.009999999999999787
0.0
0.03999999999999959
0.0
0.0
0.0
-0.009999999999999787
-0.009999999999999787
-0.009999999999999787
0.03999999999999959
0.0
0.0
0.013333333333333197
0.0
0.0
-0.009999999999999787
0.0
0.03999999999999959
-0.009999999999999787
0.013333333333333197
0.0
0.0
0.0
0.0
-0.02666666666666684
0.013333333333333197
0.0
-0.009999999999999787
0.03999999999999959
0.013333333333333197
0.03999999999999959
-0.009999999999999787
0.0
-0.009999999999999787
-0.009999999999999787
0.013333333333333197
0.013333333333333197
0.0
0.013333333333333197
0.013333333333333197
0.013333333333333197
0.0
0.013333333333333197
0.03999999999999959
0.013333333333333197
0.013333333333333197
0.03999999999999959
0.0
0.013333333333333197
0.03999999999999959
-0.009999999999999787
0.013333333333333197
0.03999999999999959
0.0
0.0
0.0
0.0
-0.009999999999999787
0.0
0.0
0.013333333333333197
0.013333333333333197
0.0
0.013333333333333197
0.0
0.03999999999999959
0.0
0.03999999999999959
0.0
0.0
0.03999999999999959
0.03999999999999959
0.03999999999999959
0.03999999999999959
0.03999999999999959
0.03999999999999959
0.013333333333333197
0.0
0.0
-0.02666666666666684
-0.009999999999999787
0.013333333333333197
-0.009999999999999787
0.03999999999999959
0.013333333333333197
0.03999999999999959
-0.009999999999999787
-0.009999999999999787
0.013333333333333197
0.03999999999999959
0.0
0.0
-0.009999999999999787
-0.009999999999999787
0.0
-0.02666666666666684
0.013333333333333197
0.0
0.03999999999999959
0.0
0.013333333333333197
0.03999999999999959
-0.02666666666666684
0.013333333333333197
0.0
0.0
0.0
-0.009999999999999787
0.0
0.03999999999999959
0.03999999999999959
0.0
0.0
0.0
0.013333333333333197
0.03999999999999959
-0.009999999999999787
0.03999999999999959
0.013333333333333197
0.029999999999999805
0.03999999999999959
0.029999999999999805
0.013333333333333197
0.0033333333333334103
0.0033333333333334103
-0.009999999999999787
-0.02666666666666684
-0.02666666666666684
-0.02666666666666684
0.0
0.03999999999999959
-0.02666666666666684
0.0
-0.02666666666666684
-0.02666666666666684
0.03999999999999959
0.0
0.03999999999999959
-0.009999999999999787
0.013333333333333197
0.0
0.013333333333333197
0.03999999999999959
0.03999999999999959
0.0
-0.009999999999999787
-0.009999999999999787
0.03999999999999959
0.0
-0.009999999999999787
-0.009999999999999787
0.013333333333333197
-0.02666666666666684
-0.009999999999999787
-0.009999999999999787
0.03999999999999959
0.03999999999999959
0.0
0.03999999999999959
0.03999999999999959
-0.009999999999999787
0.03999999999999959
0.0
0.0
0.03999999999999959
0.013333333333333197
0.03999999999999959
0.03999999999999959
0.013333333333333197
-0.009999999999999787
0.03999999999999959
0.03999999999999959
0.03999999999999959
0.0
0.03999999999999959
-0.009999999999999787
0.0
-0.009999999999999787
-0.02666666666666684
0.03999999999999959
0.013333333333333197
0.0
0.0
0.03999999999999959
0.03999999999999959
0.0
0.03999999999999959
0.0
0.013333333333333197
0.03999999999999959
0.03999999999999959
0.0
-0.009999999999999787
0.013333333333333197
0.03999999999999959
-0.009999999999999787
-0.009999999999999787
0.0
-0.009999999999999787
0.03999999999999959
0.0
0.03999999999999959
-0.009999999999999787
0.013333333333333197
0.0
0.03999999999999959
0.0
0.03999999999999959
0.013333333333333197
-0.009999999999999787
0.03999999999999959
0.03999999999999959
-0.009999999999999787
0.0033333333333334103
0.0033333333333334103
0.0033333333333334103
-0.020000000000000018
-0.009999999999999787
0.029999999999999805
-0.020000000000000018
-0.036666666666666625
0.013333333333333197
-0.02666666666666684
0.0
0.0
0.03999999999999959
0.013333333333333197
-0.009999999999999787
0.03999999999999959
-0.009999999999999787
0.03999999999999959
0.03999999999999959
-0.009999999999999787
0.03999999999999959
0.0
0.0
-0.009999999999999787
0.013333333333333197
0.0
0.03999999999999959
0.0
0.0
0.013333333333333197
0.0
-0.009999999999999787
0.013333333333333197
0.03999999999999959
0.0
-0.02666666666666684
-0.036666666666666625
-0.020000000000000018
-0.036666666666666625
-0.009999999999999787
-0.020000000000000018
-0.020000000000000018
-0.020000000000000018
0.029999999999999805
-0.009999999999999787
0.0
0.03999999999999959
0.0
0.013333333333333197
0.03999999999999959
0.03999999999999959
0.0
0.0
-0.009999999999999787
0.03999999999999959
0.0
0.013333333333333197
0.03999999999999959
0.013333333333333197
0.0
0.0
0.03999999999999959
-0.02666666666666684
0.013333333333333197
0.03999999999999959
-0.009999999999999787
0.0
0.013333333333333197
0.0
0.013333333333333197
0.0
0.013333333333333197
0.013333333333333197
-0.009999999999999787
-0.009999999999999787
-0.02666666666666684
0.03999999999999959
0.013333333333333197
-0.009999999999999787
0.0
0.03999999999999959
-0.009999999999999787
0.03999999999999959
0.013333333333333197
0.0
-0.009999999999999787
0.0
0.0
0.0
-0.009999999999999787
0.0
0.03999999999999959
0.013333333333333197
-0.009999999999999787
0.03999999999999959
0.0
0.0
-0.009999999999999787
-0.009999999999999787
0.03999999999999959
0.03999999999999959
-0.009999999999999787
0.03999999999999959
0.0
0.0
0.0
0.0
0.0
0.0
0.0
-0.009999999999999787
0.0
0.03999999999999959
0.03999999999999959
-0.009999999999999787
0.0
0.013333333333333197
0.013333333333333197
0.0
0.0
0.03999999999999959
0.013333333333333197
-0.009999999999999787
0.0
0.013333333333333197
0.03999999999999959
0.0
0.013333333333333197
0.0
0.03999999999999959
0.0
0.0
0.03999999999999959
0.0
0.0
-0.009999999999999787
0.0
0.0
0.0
-0.009999999999999787
0.013333333333333197
-0.009999999999999787
0.013333333333333197
0.03999999999999959
0.03999999999999959
0.013333333333333197
0.013333333333333197
0.03999999999999959
0.03999999999999959
0.0
-0.009999999999999787
0.013333333333333197
-0.009999999999999787
0.0
-0.009999999999999787
0.0
0.0
0.0
0.0
-0.009999999999999787
-0.009999999999999787
0.0
-0.009999999999999787
0.03999999999999959
0.0
-0.009999999999999787
0.0
0.03999999999999959
0.03999999999999959
0.013333333333333197
0.0
0.03999999999999959
-0.009999999999999787
-0.009999999999999787
-0.009999999999999787
-0.009999999999999787
-0.009999999999999787
-0.009999999999999787
-0.009999999999999787
-0.02666666666666684
0.013333333333333197
0.03999999999999959
0.0
0.0
-0.009999999999999787
0.0
0.013333333333333197
-0.02666666666666684
0.03999999999999959
0.03999999999999959
-0.009999999999999787
0.0
0.0
0.0
0.03999999999999959
0.0
0.0
-0.009999999999999787
-0.02666666666666684
-0.009999999999999787
0.0
0.03999999999999959
0.03999999999999959
-0.009999999999999787
0.0
0.03999999999999959
0.013333333333333197
0.0
0.03999999999999959
0.0
0.013333333333333197
0.013333333333333197
0.013333333333333197
0.013333333333333197
-0.009999999999999787
0.0
0.013333333333333197
0.0
0.0
0.013333333333333197
0.0
0.03999999999999959
-0.009999999999999787
0.0
0.013333333333333197
-0.009999999999999787
0.0
-0.02666666666666684
-0.009999999999999787
0.0
-0.009999999999999787
-0.009999999999999787
-0.02666666666666684
0.03999999999999959
0.0
0.013333333333333197
0.0
0.0
0.0
0.03999999999999959
0.03999999999999959
0.03999999999999959
0.0
-0.009999999999999787
-0.02666666666666684
0.0
0.013333333333333197
0.03999999999999959
0.013333333333333197
-0.009999999999999787
0.03999999999999959
0.03999999999999959
0.03999999999999959
0.03999999999999959
0.013333333333333197
0.013333333333333197
0.0
0.0
0.013333333333333197
0.03999999999999959
0.0
-0.009999999999999787
-0.009999999999999787
0.0
-0.009999999999999787
-0.009999999999999787
0.0
0.03999999999999959
-0.009999999999999787
0.013333333333333197
0.03999999999999959
-0.009999999999999787
-0.009999999999999787
-0.009999999999999787
0.0
-0.02666666666666684
0.013333333333333197
-0.009999999999999787
0.03999999999999959
0.03999999999999959
-0.009999999999999787
0.0
-0.009999999999999787
0.013333333333333197
-0.02666666666666684
-0.009999999999999787
0.0
0.0
0.0
0.013333333333333197
0.0
0.03999999999999959
0.013333333333333197
0.0
0.013333333333333197
0.03999999999999959
0.03999999999999959
0.0
-0.009999999999999787
0.013333333333333197
0.0
-0.009999999999999787
0.0
0.03999999999999959
-0.009999999999999787
-0.009999999999999787
-0.009999999999999787
-0.009999999999999787
-0.009999999999999787
0.0
0.013333333333333197
0.03999999999999959
0.0
0.0
0.03999999999999959
0.013333333333333197
0.013333333333333197
0.03999999999999959
0.013333333333333197
-0.009999999999999787
0.03999999999999959
0.03999999999999959
0.03999999999999959
0.0
0.013333333333333197
0.03999999999999959
-0.02666666666666684
-0.02666666666666684
0.03999999999999959
0.013333333333333197
0.013333333333333197
0.03999999999999959
0.0
0.0
0.013333333333333197
0.013333333333333197
-0.009999999999999787
-0.009999999999999787
0.03999999999999959
0.0
-0.009999999999999787
0.0
-0.009999999999999787
-0.009999999999999787
-0.009999999999999787
-0.009999999999999787
-0.009999999999999787
0.03999999999999959
0.03999999999999959
0.013333333333333197
0.0
-0.02666666666666684
-0.009999999999999787
-0.02666666666666684
-0.009999999999999787
0.0
0.03999999999999959
0.03999999999999959
0.0
0.0
-0.009999999999999787
-0.009999999999999787
-0.009999999999999787
0.0
0.0
0.0
0.0
0.0
0.03999999999999959
-0.009999999999999787
0.03999999999999959
0.013333333333333197
0.03999999999999959
0.0
0.03999999999999959
0.0
-0.009999999999999787
-0.02666666666666684
0.0
-0.009999999999999787
0.03999999999999959
0.0
0.013333333333333197
-0.009999999999999787
-0.009999999999999787
0.0
0.03999999999999959
0.03999999999999959
0.0
0.0
-0.009999999999999787
0.0
-0.009999999999999787
-0.009999999999999787
0.03999999999999959
-0.009999999999999787
-0.009999999999999787
0.03999999999999959
0.03999999999999959
0.0
0.0
0.013333333333333197
-0.009999999999999787
0.0
0.0
-0.009999999999999787
0.03999999999999959
0.03999999999999959
-0.02666666666666684
0.013333333333333197
0.03999999999999959
0.03999999999999959
0.03999999999999959
0.0
0.0
0.013333333333333197
0.029999999999999805
0.03999999999999959
0.03999999999999959
0.013333333333333197
-0.009999999999999787
0.0
-0.009999999999999787
0.0
0.0
-0.009999999999999787
0.013333333333333197
0.0
-0.009999999999999787
0.0
0.0
0.0
0.0
0.013333333333333197
0.0
0.03999999999999959
0.013333333333333197
0.0
0.0
0.03999999999999959
0.0
-0.009999999999999787
0.0
0.0
0.03999999999999959
0.013333333333333197
0.013333333333333197
0.013333333333333197
0.03999999999999959
0.0
0.0
0.0
0.03999999999999959
-0.009999999999999787
0.013333333333333197
0.0
0.0
0.0
0.03999999999999959
0.0
0.03999999999999959
-0.009999999999999787
0.03999999999999959
-0.009999999999999787
0.0
0.013333333333333197
0.0
0.03999999999999959
0.03999999999999959
-0.009999999999999787
0.0
0.0
-0.009999999999999787
0.0
0.013333333333333197
0.0
-0.009999999999999787
0.03999999999999959
0.03999999999999959
0.013333333333333197
-0.009999999999999787
0.03999999999999959
-0.009999999999999787
0.0
0.03999999999999959
-0.009999999999999787
0.0
0.0
-0.009999999999999787
0.013333333333333197
0.0
0.0
-0.009999999999999787
0.0
0.03999999999999959
0.0
-0.009999999999999787
-0.009999999999999787
-0.009999999999999787
0.03999999999999959
0.0
0.03999999999999959
0.0
-0.009999999999999787
0.013333333333333197
0.013333333333333197
-0.009999999999999787
0.0
0.03999999999999959
0.0
0.0
-0.009999999999999787
0.0
0.0
-0.009999999999999787
-0.009999999999999787
0.03999999999999959
0.0
0.0
0.013333333333333197
0.03999999999999959
0.0
0.0
-0.009999999999999787
-0.009999999999999787
-0.009999999999999787
0.03999999999999959
-0.009999999999999787
0.013333333333333197
0.03999999999999959
0.0
0.013333333333333197
0.03999999999999959
0.013333333333333197
0.0
0.03999999999999959
0.0
-0.009999999999999787
0.0
0.0
0.03999999999999959
0.0
-0.009999999999999787
-0.009999999999999787
0.0
-0.02666666666666684
-0.009999999999999787
-0.009999999999999787
0.0
0.03999999999999959
0.0
0.013333333333333197
0.03999999999999959
-0.009999999999999787
-0.009999999999999787
0.0
0.013333333333333197
0.03999999999999959
0.0
0.0
0.03999999999999959
0.03999999999999959
0.03999999999999959
0.0
-0.02666666666666684
0.0
-0.009999999999999787
0.0
-0.009999999999999787
-0.009999999999999787
-0.009999999999999787
0.0
0.0
-0.009999999999999787
-0.009999999999999787
0.03999999999999959
0.0
0.0
0.0
0.03999999999999959
0.029999999999999805
-0.02666666666666684
-0.009999999999999787
-0.009999999999999787
-0.009999999999999787
0.0
-0.009999999999999787
-0.009999999999999787
-0.009999999999999787
-0.009999999999999787
-0.02666666666666684
0.0
-0.009999999999999787
0.0
-0.02666666666666684
0.013333333333333197
0.013333333333333197
0.03999999999999959
0.03999999999999959
0.013333333333333197
-0.02666666666666684
-0.009999999999999787
-0.02666666666666684
0.0
0.03999999999999959
0.013333333333333197
0.013333333333333197
-0.009999999999999787
0.03999999999999959
0.03999999999999959
0.0
0.0
0.0
0.013333333333333197
0.0
0.03999999999999959
0.03999999999999959
0.0
0.0
0.0
0.03999999999999959
-0.009999999999999787
0.0
-0.009999999999999787
0.0
0.0
0.0
0.0
-0.02666666666666684
-0.009999999999999787
-0.009999999999999787
-0.009999999999999787
0.0
0.03999999999999959
0.0
0.03999999999999959
-0.009999999999999787
0.03999999999999959
0.0
-0.009999999999999787
0.0
-0.009999999999999787
0.0
0.03999999999999959
0.013333333333333197
0.0
0.013333333333333197
0.0
0.03999999999999959
0.0
-0.009999999999999787
0.0
0.0
0.0
0.03999999999999959
0.03999999999999959
0.03999999999999959
0.0
0.0
0.0
-0.009999999999999787
0.0
0.0
0.0
0.03999999999999959
0.03999999999999959
0.013333333333333197
-0.009999999999999787
-0.009999999999999787
-0.009999999999999787
0.013333333333333197
-0.009999999999999787
0.0
0.03999999999999959
0.0
-0.009999999999999787
0.013333333333333197
-0.009999999999999787
0.03999999999999959
-0.009999999999999787
0.03999999999999959
0.0
-0.009999999999999787
-0.009999999999999787
0.0
0.0
0.0
-0.009999999999999787
0.03999999999999959
0.0
0.013333333333333197
0.0
-0.009999999999999787
0.013333333333333197
0.03999999999999959
0.08000000000000007
0.08000000000000007
0.05333333333333323
-0.009999999999999787
0.0
0.013333333333333197
0.0
0.0
-0.009999999999999787
0.03999999999999959
-0.009999999999999787
0.0
0.0
0.0
-0.009999999999999787
-0.009999999999999787
0.03999999999999959
0.013333333333333197
0.0
0.03999999999999959
-0.009999999999999787
-0.009999999999999787
0.03999999999999959
0.013333333333333197
0.0
0.03999999999999959
0.0
0.03999999999999959
0.0
0.03999999999999959
0.0
0.0
0.0
0.013333333333333197
0.013333333333333197
0.0
0.0
0.03999999999999959
0.03999999999999959
0.03999999999999959
0.013333333333333197
0.03999999999999959
0.03999999999999959
0.0
0.03999999999999959
0.0
-0.009999999999999787
0.03999999999999959
0.0
0.0
0.0
0.03999999999999959
0.03999999999999959
0.0
-0.009999999999999787
0.03999999999999959
0.0
0.013333333333333197
0.0
-0.009999999999999787
0.0
0.013333333333333197
0.013333333333333197
0.03999999999999959
0.0
0.013333333333333197
0.03999999999999959
-0.009999999999999787
0.03999999999999959
0.0
0.03999999999999959
-0.009999999999999787
-0.02666666666666684
0.0
0.0
0.03999999999999959
-0.009999999999999787
-0.009999999999999787
0.03999999999999959
0.03999999999999959
0.020000000000000018
0.0
0.0
0.03999999999999959
-0.009999999999999787
0.0
0.0
0.0
0.03999999999999959
0.0
0.0
0.0
-0.009999999999999787
0.0
0.0
0.0
0.03999999999999959
-0.009999999999999787
0.03999999999999959
-0.009999999999999787
0.03999999999999959
0.0
0.03999999999999959
0.03999999999999959
-0.009999999999999787
0.0
0.013333333333333197
0.013333333333333197
0.013333333333333197
0.013333333333333197
0.0
0.0
0.013333333333333197
-0.009999999999999787
0.0
-0.009999999999999787
0.0
-0.009999999999999787
-0.009999999999999787
0.0
0.0
0.0
-0.009999999999999787
-0.009999999999999787
0.013333333333333197
0.0
0.0
0.013333333333333197
0.03999999999999959
0.03999999999999959
0.0
0.013333333333333197
0.0
0.0
0.013333333333333197
0.0
-0.009999999999999787
0.013333333333333197
0.03999999999999959
0.03999999999999959
0.0
0.03999999999999959
0.0
0.0
-0.009999999999999787
-0.009999999999999787
-0.009999999999999787
0.03999999999999959
0.0
0.013333333333333197
0.03999999999999959
0.0
-0.02666666666666684
0.03999999999999959
-0.009999999999999787
0.0
0.03999999999999959
0.0
-0.02666666666666684
0.03999999999999959
0.0
0.03999999999999959
0.03999999999999959
0.03999999999999959
0.03999999999999959
0.0
0.0
0.0
0.0
0.0
0.03999999999999959
-0.009999999999999787
0.013333333333333197
0.0
0.03999999999999959
-0.009999999999999787
0.03999999999999959
0.03999999999999959
-0.009999999999999787
0.0
0.0
0.0
0.0
-0.009999999999999787
0.03999999999999959
0.0
-0.009999999999999787
-0.009999999999999787
0.03999999999999959
0.0
0.0
0.0
0.0
0.0
0.013333333333333197
0.0
0.0
0.0
0.03999999999999959
0.0
0.0
-0.009999999999999787
0.0
0.03999999999999959
0.0
-0.009999999999999787
0.03999999999999959
0.013333333333333197
-0.009999999999999787
0.0
0.013333333333333197
0.03999999999999959
0.0
-0.009999999999999787
0.0
0.0
0.0
0.013333333333333197
0.03999999999999959
-0.009999999999999787
0.03999999999999959
-0.009999999999999787
0.0
-0.02666666666666684
-0.009999999999999787
0.0
-0.009999999999999787
0.013333333333333197
0.0
0.0
0.03999999999999959
0.0
0.03999999999999959
0.0
0.0
0.03999999999999959
0.013333333333333197
-0.009999999999999787
0.0
0.0
0.03999999999999959
0.03999999999999959
-0.009999999999999787
0.03999999999999959
0.03999999999999959
0.0
0.013333333333333197
-0.009999999999999787
-0.009999999999999787
0.013333333333333197
0.013333333333333197
0.03999999999999959
0.0
0.0
0.0
0.03999999999999959
0.0
0.0
0.013333333333333197
-0.009999999999999787
0.0
-0.02666666666666684
-0.009999999999999787
0.03999999999999959
-0.009999999999999787
0.0
0.0
0.0
-0.009999999999999787
0.0
-0.009999999999999787
-0.009999999999999787
0.03999999999999959
0.03999999999999959
0.05333333333333323
0.029999999999999805
0.05333333333333323
0.03999999999999959
0.013333333333333197
0.0
0.03999999999999959
0.0
0.0
0.03999999999999959
0.03999999999999959
0.03999999999999959
0.013333333333333197
0.03999999999999959
0.0
-0.02666666666666684
-0.02666666666666684
-0.009999999999999787
0.0
-0.009999999999999787
0.03999999999999959
0.03999999999999959
0.013333333333333197
0.03999999999999959
-0.009999999999999787
0.0
0.0
0.03999999999999959
0.013333333333333197
0.0
-0.009999999999999787
0.0
-0.009999999999999787
0.03999999999999959
-0.020000000000000018
0.0033333333333334103
0.013333333333333197
-0.009999999999999787
0.03999999999999959
-0.009999999999999787
0.013333333333333197
0.0
0.013333333333333197
0.03999999999999959
0.013333333333333197
-0.009999999999999787
-0.009999999999999787
0.0
0.0
0.0
0.03999999999999959
0.03999999999999959
0.03999999999999959
-0.009999999999999787
0.0
-0.009999999999999787
-0.009999999999999787
-0.009999999999999787
0.0
0.013333333333333197
0.013333333333333197
0.013333333333333197
0.0
0.0
-0.009999999999999787
0.0
-0.02666666666666684
0.0
0.03999999999999959
0.0
0.0
-0.009999999999999787
0.013333333333333197
-0.009999999999999787
0.0
0.03999999999999959
0.0
0.0
-0.02666666666666684
0.03999999999999959
0.03999999999999959
0.0
0.0
0.013333333333333197
-0.009999999999999787
0.0
0.03999999999999959
0.013333333333333197
0.013333333333333197
-0.009999999999999787
-0.009999999999999787
0.0
-0.009999999999999787
0.03999999999999959
-0.009999999999999787
0.0
0.013333333333333197
0.03999999999999959
-0.02666666666666684
0.03999999999999959
0.0
-0.009999999999999787
0.03999999999999959
0.013333333333333197
0.0
0.0
0.0
0.0
0.013333333333333197
0.03999999999999959
-0.009999999999999787
0.013333333333333197
0.013333333333333197
0.0
0.03999999999999959
0.0
0.03999999999999959
0.0
0.013333333333333197
0.013333333333333197
0.0
0.013333333333333197
0.03999999999999959
0.03999999999999959
0.03999999999999959
0.0
0.0
-0.009999999999999787
0.0
0.03999999999999959
0.03999999999999959
0.03999999999999959
0.0
0.03999999999999959
0.0
0.03999999999999959
0.03999999999999959
0.0
0.0
-0.02666666666666684
0.013333333333333197
0.0
0.03999999999999959
0.03999999999999959
-0.02666666666666684
0.03999999999999959
-0.009999999999999787
-0.02666666666666684
0.0
0.03999999999999959
0.03999999999999959
-0.009999999999999787
-0.009999999999999787
0.0
0.03999999999999959
-0.009999999999999787
-0.009999999999999787
-0.009999999999999787
0.0
-0.009999999999999787
-0.009999999999999787
-0.009999999999999787
0.0
0.0
0.03999999999999959
-0.009999999999999787
0.03999999999999959
0.03999999999999959
-0.009999999999999787
0.0
0.013333333333333197
0.0
0.03999999999999959
-0.009999999999999787
0.0
-0.009999999999999787
0.0
0.013333333333333197
0.013333333333333197
-0.009999999999999787
-0.02666666666666684
0.013333333333333197
0.013333333333333197
0.03999999999999959
0.013333333333333197
0.03999999999999959
0.0
-0.009999999999999787
0.0
0.0
0.0
0.03999999999999959
0.0
-0.02666666666666684
-0.009999999999999787
0.013333333333333197
0.0
-0.009999999999999787
0.013333333333333197
-0.009999999999999787
0.0
0.03999999999999959
0.013333333333333197
-0.009999999999999787
0.0
0.0
0.0
-0.009999999999999787
0.03999999999999959
0.013333333333333197
0.03999999999999959
0.03999999999999959
0.0
0.03999999999999959
0.0
-0.009999999999999787
0.03999999999999959
0.013333333333333197
0.0
-0.009999999999999787
-0.009999999999999787
-0.009999999999999787
-0.009999999999999787
0.0
0.03999999999999959
0.0
0.03999999999999959
0.013333333333333197
0.0
0.013333333333333197
0.0
-0.009999999999999787
0.0
0.013333333333333197
0.0
0.0
0.03999999999999959
-0.020000000000000018
-0.009999999999999787
-0.009999999999999787
0.03999999999999959
0.0
0.03999999999999959
0.013333333333333197
-0.009999999999999787
0.03999999999999959
0.0
0.03999999999999959
0.013333333333333197
-0.009999999999999787
0.03999999999999959
0.0
0.0
0.03999999999999959
0.0
-0.009999999999999787
0.0
0.013333333333333197
-0.009999999999999787
0.0
-0.009999999999999787
-0.009999999999999787
0.03999999999999959
0.0
0.0
0.013333333333333197
0.03999999999999959
-0.009999999999999787
0.0
-0.009999999999999787
0.03999999999999959
-0.009999999999999787
0.03999999999999959
0.03999999999999959
0.0
0.013333333333333197
0.03999999999999959
0.0
0.0
0.0
-0.009999999999999787
0.03999999999999959
0.013333333333333197
0.03999999999999959
-0.009999999999999787
0.0
-0.009999999999999787
-0.02666666666666684
0.0
-0.02666666666666684
-0.009999999999999787
-0.02666666666666684
0.0
-0.009999999999999787
0.03999999999999959
0.03999999999999959
-0.02666666666666684
0.0
0.0
0.0
0.03999999999999959
0.0
0.03999999999999959
-0.02666666666666684
0.0
0.08000000000000007
0.08000000000000007
0.03999999999999959
0.029999999999999805
0.08000000000000007
0.08000000000000007
0.03999999999999959
0.03999999999999959
0.0
0.03999999999999959
-0.009999999999999787
-0.009999999999999787
-0.009999999999999787
0.013333333333333197
0.0
0.0
0.0
0.013333333333333197
0.03999999999999959
-0.02666666666666684
0.013333333333333197
0.03999999999999959
0.013333333333333197
0.0
0.0
0.013333333333333197
0.03999999999999959
-0.009999999999999787
-0.009999999999999787
0.0
0.0
0.0
0.013333333333333197
0.0
0.0
0.0
0.0
0.03999999999999959
-0.009999999999999787
-0.009999999999999787
0.03999999999999959
0.013333333333333197
0.03999999999999959
0.03999999999999959
-0.009999999999999787
0.013333333333333197
0.03999999999999959
0.0
0.03999999999999959
0.0
0.0
0.013333333333333197
0.0
0.013333333333333197
0.0
0.03999999999999959
0.013333333333333197
0.03999999999999959
0.0
0.013333333333333197
0.03999999999999959
0.013333333333333197
0.0
0.03999999999999959
0.0
0.0
0.0
0.0
0.03999999999999959
0.0
0.013333333333333197
0.03999999999999959
0.0
-0.009999999999999787
-0.009999999999999787
0.03999999999999959
0.03999999999999959
0.03999999999999959
0.0
0.03999999999999959
0.03999999999999959
0.0
0.0
0.0
-0.009999999999999787
-0.009999999999999787
-0.009999999999999787
0.03999999999999959
0.013333333333333197
0.013333333333333197
0.0
0.0
0.0
-0.009999999999999787
0.0
-0.009999999999999787
0.013333333333333197
0.03999999999999959
-0.009999999999999787
0.03999999999999959
0.013333333333333197
0.0
0.013333333333333197
-0.009999999999999787
0.0
0.013333333333333197
-0.009999999999999787
0.013333333333333197
0.013333333333333197
0.0
-0.02666666666666684
0.03999999999999959
0.013333333333333197
0.013333333333333197
-0.02666666666666684
0.0
0.03999999999999959
-0.009999999999999787
-0.009999999999999787
0.013333333333333197
0.0
0.0
0.03999999999999959
0.0
-0.009999999999999787
0.013333333333333197
0.03999999999999959
0.013333333333333197
0.0
-0.009999999999999787
-0.009999999999999787
-0.02666666666666684
0.013333333333333197
0.03999999999999959
0.0
0.0
0.0
0.013333333333333197
0.013333333333333197
0.0
0.0
0.0
-0.009999999999999787
0.0
-0.009999999999999787
0.03999999999999959
-0.009999999999999787
-0.009999999999999787
-0.009999999999999787
0.013333333333333197
0.0
0.0
0.03999999999999959
0.03999999999999959
0.0
0.013333333333333197
0.013333333333333197
-0.009999999999999787
-0.009999999999999787
0.013333333333333197
0.0
0.0
0.03999999999999959
0.03999999999999959
0.0
-0.009999999999999787
0.03999999999999959
0.013333333333333197
-0.009999999999999787
0.0
-0.02666666666666684
-0.009999999999999787
0.03999999999999959
0.03999999999999959
0.03999999999999959
0.0
0.03999999999999959
0.03999999999999959
0.0
0.013333333333333197
0.08000000000000007
0.029999999999999805
0.029999999999999805
0.029999999999999805
0.03999999999999959
-0.02666666666666684
-0.009999999999999787
-0.009999999999999787
0.0
-0.02666666666666684
0.03999999999999959
0.0
0.03999999999999959
0.0
0.0
-0.009999999999999787
0.0
0.0
0.0
0.0
0.03999999999999959
0.0
0.013333333333333197
0.013333333333333197
0.0
0.03999999999999959
0.0
0.0
0.0
0.013333333333333197
0.0
-0.009999999999999787
0.0
0.013333333333333197
-0.009999999999999787
0.0
0.0
0.0
0.03999999999999959
0.029999999999999805
0.08000000000000007
0.03999999999999959
0.05333333333333323
-0.009999999999999787
0.03999999999999959
0.05333333333333323
0.03999999999999959
0.08000000000000007
0.05333333333333323
0.08000000000000007
0.029999999999999805
0.03999999999999959
0.08000000000000007
0.03999999999999959
