-0.13000000000000034
0.09666666666666623
0.07666666666666666
0.19333333333333336
-0.043333333333333446
0.34666666666666623
0.15333333333333377
-0.043333333333333446
-0.11333333333333329
0.44999999999999973
0.1166666666666667
0.16999999999999993
0.06333333333333302
-0.07666666666666666
0.12333333333333307
0.31666666666666643
0.16333333333333355
0.29666666666666686
0.08000000000000007
0.09666666666666623
0.036666666666666625
0.12333333333333307
0.08000000000000007
0.5133333333333332
0.20333333333333314
0.3500000000000001
0.34333333333333327
0.33666666666666645
0.29333333333333345
0.4299999999999997
0.6233333333333331
0.3999999999999999
0.686666666666667
0.5099999999999998
0.5466666666666669
0.21333333333333337
0.45333333333333314
0.15333333333333377
0.30000000000000027
0.6133333333333333
0.6566666666666667
0.4299999999999997
0.40333333333333377
0.3833333333333333
0.3999999999999999
0.52
0.4299999999999997
0.34666666666666623
0.6033333333333335
0.4166666666666665
0.3666666666666667
0.43999999999999995
0.30666666666666664
0.6566666666666667
0.3866666666666667
0.1766666666666663
0.16666666666666652
0.4166666666666665
0.29666666666666686
0.436666666666667
0.33000000000000007
0.33999999999999986
0.41999999999999993
0.5433333333333334
0.5933333333333333
0.5399999999999996
0.733333333333333
0.5500000000000003
0.6300000000000003
0.5933333333333333
0.5700000000000003
0.4933333333333336
0.6466666666666665
0.56
0.41000000000000014
0.6000000000000001
0.766666666666667
0.5399999999999996
0.6466666666666665
0.9700000000000002
0.8599999999999999
1.0499999999999998
1.0700000000000003
1.3099999999999996
1.2166666666666668
1.2400000000000002
1.1333333333333337
1.423333333333333
1.4466666666666663
1.2999999999999998
1.7199999999999998
1.833333333333333
2.3200000000000003
1.913333333333333
2.04
2.3
2.3466666666666667
2.4299999999999997
2.54
2.5966666666666667
2.7333333333333334
2.7800000000000002
2.746666666666666
2.62
2.5733333333333333
2.7766666666666664
2.756666666666667
2.7633333333333328
2.7
2.829999999999999
2.7800000000000002
3.0233333333333334
3.006666666666667
2.9733333333333336
3.0300000000000002
3.09
3.0133333333333328
2.9733333333333336
3.05
3.033333333333334
3.05
3.09
3.1466666666666674
3.1766666666666667
3.2800000000000002
3.2399999999999993
3.246666666666666
3.2600000000000007
3.326666666666667
3.166666666666667
3.4466666666666663
3.41
3.25
3.1366666666666667
3.206666666666667
3.170000000000001
3.173333333333333
3.25
3.286666666666666
3.4033333333333333
3.62
3.706666666666667
3.6566666666666663
3.7333333333333334
3.663333333333333
3.6799999999999997
3.6033333333333326
3.66
3.7233333333333336
3.633333333333333
3.63
3.66
3.533333333333334
3.5566666666666675
3.5199999999999996
3.62
3.670000000000001
3.7733333333333334
3.8500000000000005
3.7
3.7600000000000007
3.75
3.8500000000000005
3.8500000000000005
3.8099999999999996
3.75
3.7333333333333334
3.8500000000000005
3.95
3.8999999999999995
3.91
3.8099999999999996
3.75
3.873333333333334
3.8099999999999996
3.7733333333333334
3.7600000000000007
3.7733333333333334
3.95
3.8999999999999995
3.91
3.91
3.95
3.8500000000000005
3.8500000000000005
3.883333333333333
3.923333333333333
3.91
3.8999999999999995
3.923333333333333
4.0
3.9733333333333336
4.0
3.95
3.8999999999999995
3.95
3.91
3.883333333333333
3.8999999999999995
3.96
3.873333333333334
3.8599999999999994
3.96
3.95
3.883333333333333
4.0
3.8099999999999996
3.91
4.0
3.8500000000000005
3.8999999999999995
3.7733333333333334
3.873333333333334
3.8500000000000005
3.873333333333334
3.75
3.8233333333333333
3.8599999999999994
3.91
3.95
3.8500000000000005
3.91
3.8099999999999996
3.8233333333333333
3.8
4.0
3.8999999999999995
3.923333333333333
3.9333333333333336
4.0
3.91
3.95
3.8099999999999996
3.91
3.95
3.91
3.8999999999999995
3.923333333333333
3.8999999999999995
3.8
3.96
4.0
3.91
3.91
3.883333333333333
3.8500000000000005
3.8500000000000005
3.96
3.91
3.95
3.883333333333333
3.96
3.8999999999999995
3.95
3.91
3.95
4.0
3.9733333333333336
3.923333333333333
3.883333333333333
3.91
3.95
3.96
3.96
3.8999999999999995
3.95
3.8999999999999995
3.8500000000000005
3.8999999999999995
4.0
3.923333333333333
3.8599999999999994
3.873333333333334
3.923333333333333
3.95
3.8500000000000005
3.8500000000000005
3.91
3.8999999999999995
3.96
4.0
3.8599999999999994
3.96
3.8999999999999995
3.8500000000000005
3.96
3.8599999999999994
3.8
3.96
3.95
3.8999999999999995
3.873333333333334
4.0
3.95
3.91
3.8999999999999995
3.8599999999999994
3.8500000000000005
3.873333333333334
3.8999999999999995
3.8500000000000005
3.95
3.96
3.883333333333333
3.923333333333333
3.95
3.96
3.96
3.923333333333333
3.96
3.95
3.8999999999999995
3.95
3.8999999999999995
3.9733333333333336
3.9733333333333336
3.95
3.9733333333333336
3.9733333333333336
3.873333333333334
3.8999999999999995
3.9733333333333336
3.91
3.9733333333333336
3.923333333333333
3.8099999999999996
4.0
3.9733333333333336
3.96
3.95
3.923333333333333
3.91
4.0
3.8
3.8999999999999995
3.95
3.95
4.0
3.95
3.9733333333333336
3.923333333333333
3.8999999999999995
3.9733333333333336
3.95
3.91
3.8999999999999995
3.8599999999999994
3.95
3.8999999999999995
3.91
3.96
3.96
3.96
3.8599999999999994
3.91
3.923333333333333
3.91
3.95
3.9333333333333336
3.95
3.873333333333334
3.95
3.8599999999999994
3.873333333333334
3.96
3.8999999999999995
3.95
3.923333333333333
3.96
4.0
3.8500000000000005
3.96
3.8999999999999995
3.95
3.883333333333333
3.923333333333333
3.8599999999999994
3.8599999999999994
3.95
3.9733333333333336
3.96
3.883333333333333
3.873333333333334
3.91
4.0
3.95
3.8999999999999995
3.8999999999999995
3.96
3.91
3.96
3.8999999999999995
3.95
3.923333333333333
3.8599999999999994
3.91
3.96
3.9733333333333336
3.920000000000001
3.8599999999999994
3.920000000000001
3.793333333333333
3.873333333333334
3.883333333333333
3.8999999999999995
3.833333333333333
3.833333333333333
3.883333333333333
3.8500000000000005
3.91
3.833333333333333
3.8500000000000005
3.7333333333333334
3.833333333333333
3.7600000000000007
3.8999999999999995
3.91
3.91
3.7733333333333334
3.8500000000000005
3.873333333333334
3.7600000000000007
3.7600000000000007
3.8
3.6499999999999995
3.75
3.8599999999999994
3.91
3.8
3.75
3.7233333333333336
3.633333333333333
3.8
3.7600000000000007
3.71
3.66
3.6499999999999995
3.66
3.71
3.6499999999999995
3.5100000000000007
3.6000000000000005
3.6000000000000005
3.5599999999999996
3.5733333333333333
3.6099999999999994
3.5100000000000007
3.5233333333333334
3.5
3.5599999999999996
3.5599999999999996
3.6099999999999994
3.6499999999999995
3.41
3.45
3.6000000000000005
3.5599999999999996
3.633333333333333
3.7600000000000007
3.7733333333333334
3.8
3.8
3.71
3.66
3.75
3.7600000000000007
3.8500000000000005
3.8233333333333333
3.8599999999999994
3.7600000000000007
3.8500000000000005
3.8099999999999996
3.7233333333333336
3.7600000000000007
3.75
3.8
3.8500000000000005
3.8
3.8599999999999994
3.8500000000000005
3.8099999999999996
3.75
3.8233333333333333
3.8099999999999996
3.71
3.75
3.8099999999999996
3.8233333333333333
3.8099999999999996
3.7600000000000007
3.8099999999999996
3.7600000000000007
3.7733333333333334
3.7233333333333336
3.7733333333333334
3.6499999999999995
3.8099999999999996
3.7600000000000007
3.8599999999999994
3.783333333333334
3.873333333333334
3.833333333333333
3.8500000000000005
3.95
3.96
3.873333333333334
3.8999999999999995
3.91
3.96
3.91
3.91
3.8500000000000005
3.91
3.96
3.8599999999999994
3.91
3.873333333333334
3.95
3.8599999999999994
3.8500000000000005
3.8599999999999994
3.7233333333333336
3.8500000000000005
3.8099999999999996
3.7233333333333336
3.71
3.8500000000000005
3.7333333333333334
3.7333333333333334
3.6499999999999995
3.7333333333333334
3.75
3.6099999999999994
3.6499999999999995
3.6499999999999995
3.71
3.8
3.8
3.71
3.7
3.7733333333333334
3.7600000000000007
3.66
3.66
3.75
3.7
3.71
3.8500000000000005
3.7233333333333336
3.8599999999999994
3.7733333333333334
3.8500000000000005
3.8500000000000005
3.8099999999999996
3.833333333333333
3.873333333333334
3.71
3.75
3.8999999999999995
3.873333333333334
3.8599999999999994
3.7733333333333334
3.8999999999999995
3.8233333333333333
3.923333333333333
3.8999999999999995
3.8599999999999994
3.883333333333333
3.96
3.923333333333333
3.96
3.95
3.96
3.8999999999999995
3.8599999999999994
3.8233333333333333
4.0
3.95
3.8500000000000005
3.8999999999999995
3.91
3.91
3.96
3.8599999999999994
3.9733333333333336
3.8999999999999995
3.96
4.0
4.0
3.8999999999999995
3.95
3.8599999999999994
3.91
3.8999999999999995
3.91
3.95
3.8999999999999995
3.8999999999999995
4.0
3.8999999999999995
4.0
4.0
3.8599999999999994
3.95
3.91
3.96
3.8599999999999994
3.8999999999999995
3.923333333333333
3.923333333333333
3.95
3.8999999999999995
3.91
3.873333333333334
3.95
4.0
3.873333333333334
3.96
3.95
3.873333333333334
4.0
3.96
3.95
3.95
3.91
3.8999999999999995
4.0
3.96
4.0
4.0
3.8999999999999995
3.95
3.923333333333333
3.8999999999999995
3.873333333333334
3.91
3.91
3.923333333333333
3.873333333333334
3.8599999999999994
3.96
3.95
3.95
3.9733333333333336
3.8999999999999995
3.95
3.8999999999999995
4.0
3.95
3.95
3.95
3.95
3.95
4.0
3.95
3.91
3.95
3.91
4.0
3.91
3.91
3.923333333333333
3.95
3.8599999999999994
3.8999999999999995
3.95
3.95
3.95
3.91
3.8
3.8099999999999996
3.883333333333333
3.9733333333333336
3.91
3.95
3.8999999999999995
3.8599999999999994
3.8500000000000005
3.873333333333334
3.783333333333334
3.8099999999999996
3.8099999999999996
3.8999999999999995
3.95
3.8999999999999995
3.8999999999999995
3.91
3.8500000000000005
3.8
3.8
3.833333333333333
3.8500000000000005
3.8999999999999995
3.91
3.91
3.8500000000000005
3.91
3.8599999999999994
3.923333333333333
3.95
3.96
4.0
3.9733333333333336
3.923333333333333
3.923333333333333
3.923333333333333
3.8999999999999995
4.0
3.923333333333333
3.8999999999999995
3.8999999999999995
3.873333333333334
3.95
3.8599999999999994
3.95
3.95
3.9733333333333336
3.95
4.0
3.9333333333333336
3.8999999999999995
3.8999999999999995
3.91
3.8500000000000005
3.9333333333333336
3.96
4.0
3.9733333333333336
3.95
3.95
4.0
3.91
3.96
3.91
3.95
3.8500000000000005
3.9333333333333336
4.0
3.9733333333333336
3.96
3.9733333333333336
3.96
3.96
3.96
3.96
3.91
3.9733333333333336
3.923333333333333
4.0
3.95
3.9733333333333336
3.91
4.0
3.95
3.8999999999999995
4.0
3.96
3.91
4.0
3.96
3.95
3.9733333333333336
3.96
3.8599999999999994
3.95
3.8500000000000005
4.0
3.9333333333333336
3.9733333333333336
3.96
3.96
3.91
3.8500000000000005
3.95
3.95
3.923333333333333
3.9333333333333336
3.96
3.95
4.0
4.0
3.9733333333333336
3.95
3.96
3.9733333333333336
4.0
3.923333333333333
3.91
3.96
3.95
3.95
3.923333333333333
4.0
3.8999999999999995
3.95
3.96
3.95
3.95
3.8999999999999995
3.95
3.95
3.95
3.9733333333333336
3.96
3.96
3.96
3.91
3.9733333333333336
3.9733333333333336
3.91
3.923333333333333
3.8999999999999995
3.91
3.96
3.96
4.0
3.9733333333333336
3.96
3.9333333333333336
3.9333333333333336
3.91
3.9733333333333336
3.923333333333333
3.96
3.95
3.8999999999999995
3.873333333333334
3.8233333333333333
3.8599999999999994
3.8500000000000005
3.8099999999999996
3.8999999999999995
3.8099999999999996
3.95
3.8500000000000005
3.91
3.8999999999999995
3.8999999999999995
3.8599999999999994
3.91
3.91
3.923333333333333
3.8999999999999995
3.883333333333333
3.8999999999999995
3.883333333333333
3.8599999999999994
3.95
3.91
3.91
4.0
4.0
3.96
3.95
3.95
3.95
4.0
4.0
4.0
3.96
3.8599999999999994
3.95
3.96
3.9733333333333336
3.96
4.0
3.96
4.0
3.95
3.883333333333333
4.0
3.96
3.91
3.95
3.9733333333333336
3.95
3.95
4.0
3.96
3.91
3.95
3.8500000000000005
3.95
4.0
3.96
3.95
3.96
3.96
3.8999999999999995
3.8599999999999994
3.96
4.0
4.0
3.923333333333333
3.8999999999999995
4.0
3.95
3.95
3.91
3.8099999999999996
3.833333333333333
3.873333333333334
3.91
3.91
3.8099999999999996
3.8999999999999995
3.8999999999999995
3.8233333333333333
3.71
3.7600000000000007
3.71
3.8233333333333333
3.75
3.75
3.7600000000000007
3.8500000000000005
3.7600000000000007
3.7600000000000007
3.8233333333333333
3.7
3.7
3.8500000000000005
3.8500000000000005
3.8
3.75
3.7733333333333334
3.8
3.71
3.7733333333333334
3.7
3.6499999999999995
3.5599999999999996
3.6000000000000005
3.7
3.8
3.75
3.7600000000000007
3.873333333333334
3.8233333333333333
3.8233333333333333
3.7600000000000007
3.8500000000000005
3.8
3.8999999999999995
3.8599999999999994
3.8500000000000005
3.873333333333334
3.8999999999999995
3.8999999999999995
3.8500000000000005
3.8599999999999994
3.8999999999999995
3.8599999999999994
3.8500000000000005
3.8599999999999994
3.95
4.0
3.9733333333333336
3.91
3.96
3.96
3.8999999999999995
4.0
3.96
3.95
3.8999999999999995
3.923333333333333
4.0
3.95
3.96
3.91
3.9733333333333336
3.96
3.8599999999999994
3.96
3.96
3.96
3.96
3.95
4.0
3.95
3.9733333333333336
4.0
4.0
3.8500000000000005
4.0
3.96
4.0
3.8999999999999995
3.8500000000000005
3.8999999999999995
3.8599999999999994
3.8999999999999995
3.8099999999999996
3.8599999999999994
3.8099999999999996
3.7733333333333334
3.873333333333334
3.75
3.8500000000000005
3.7600000000000007
3.8
3.8500000000000005
3.8
3.8500000000000005
3.8500000000000005
3.8599999999999994
3.8500000000000005
3.8599999999999994
3.8
3.75
3.8233333333333333
3.8099999999999996
3.8599999999999994
3.8999999999999995
3.8599999999999994
3.8
3.8599999999999994
3.91
3.8999999999999995
3.8233333333333333
3.96
3.8999999999999995
3.873333333333334
3.96
3.9733333333333336
4.0
3.91
4.0
3.96
4.0
3.95
3.96
3.95
3.95
3.95
4.0
3.9333333333333336
3.95
3.95
3.95
3.91
3.95
3.873333333333334
3.91
3.8999999999999995
3.8999999999999995
3.95
3.923333333333333
3.91
4.0
4.0
3.8599999999999994
3.96
3.91
4.0
3.9333333333333336
4.0
3.91
4.0
3.96
3.91
3.95
3.8999999999999995
3.95
3.96
3.8999999999999995
3.91
3.95
3.95
3.95
3.96
3.91
3.883333333333333
3.91
3.95
3.95
4.0
3.95
3.95
3.96
3.96
3.9333333333333336
3.96
3.96
4.0
3.883333333333333
3.9733333333333336
3.9733333333333336
3.96
3.96
3.923333333333333
3.9333333333333336
3.95
3.9333333333333336
4.0
3.91
3.9733333333333336
3.923333333333333
3.96
3.96
3.96
3.96
4.0
4.0
3.923333333333333
3.95
3.91
3.96
3.96
3.95
4.0
3.91
3.95
4.0
3.95
3.96
4.0
4.0
3.95
3.9333333333333336
3.95
3.95
3.95
4.0
3.96
4.0
3.91
3.95
3.91
4.0
3.95
3.95
3.95
4.0
3.96
3.9733333333333336
4.0
3.9733333333333336
4.0
3.91
3.95
3.8999999999999995
3.95
3.95
4.0
3.91
3.96
3.96
4.0
3.96
4.0
3.95
4.0
4.0
4.0
3.96
3.96
3.9733333333333336
3.95
3.8
3.95
3.9733333333333336
3.95
3.95
3.96
4.0
3.95
3.9733333333333336
3.8999999999999995
3.96
3.95
3.96
3.95
3.95
3.95
4.0
4.0
4.0
3.8999999999999995
3.96
4.0
3.9733333333333336
4.0
3.8999999999999995
3.873333333333334
3.8599999999999994
3.920000000000001
3.920000000000001
3.9333333333333336
3.8999999999999995
4.0
3.9733333333333336
4.0
4.0
3.95
3.91
3.95
4.0
4.0
4.0
3.8999999999999995
3.8999999999999995
3.91
3.9733333333333336
3.95
3.91
3.95
3.95
3.91
3.9733333333333336
3.91
3.96
3.95
3.91
3.95
3.91
4.0
4.0
3.8999999999999995
3.923333333333333
3.9733333333333336
3.95
3.96
3.96
3.96
3.96
3.9733333333333336
3.96
3.91
3.95
3.96
3.95
3.95
3.96
4.0
3.95
4.0
3.96
3.96
4.0
3.8999999999999995
3.96
3.95
3.9733333333333336
4.0
3.95
4.0
3.9733333333333336
3.9733333333333336
3.96
4.0
3.9733333333333336
3.96
3.95
3.96
3.96
3.96
3.8999999999999995
3.9333333333333336
3.95
3.95
3.96
3.96
3.95
3.96
3.96
3.8599999999999994
4.0
3.96
3.96
3.96
3.95
4.0
4.0
3.96
4.0
3.95
3.95
3.8999999999999995
3.8999999999999995
3.8999999999999995
3.95
3.8599999999999994
3.91
3.8599999999999994
3.8999999999999995
3.91
3.95
3.91
3.96
3.8999999999999995
4.0
3.923333333333333
3.923333333333333
3.9733333333333336
3.923333333333333
3.8
3.95
3.873333333333334
3.95
3.95
3.95
4.0
3.95
3.95
3.8500000000000005
3.95
4.0
3.8999999999999995
3.95
3.923333333333333
3.8999999999999995
3.96
3.9733333333333336
3.91
3.96
3.95
3.873333333333334
3.95
3.95
3.923333333333333
3.95
3.95
3.9733333333333336
3.96
3.91
3.95
3.91
3.95
3.96
3.95
3.95
3.8500000000000005
3.96
4.0
3.9733333333333336
3.96
4.0
3.9333333333333336
3.91
3.8999999999999995
3.96
3.96
3.95
3.883333333333333
3.91
3.95
3.91
3.8599999999999994
3.91
3.96
4.0
3.8999999999999995
3.8999999999999995
4.0
3.95
3.91
3.95
3.9733333333333336
3.95
3.96
3.95
3.96
3.91
3.96
3.8999999999999995
4.0
4.0
3.95
3.95
3.96
3.95
3.8999999999999995
3.75
3.8599999999999994
3.91
3.95
3.8999999999999995
3.8999999999999995
3.8999999999999995
3.923333333333333
3.95
3.8
3.8
3.8099999999999996
3.8500000000000005
3.7600000000000007
3.75
3.8
3.8099999999999996
3.95
3.91
3.8599999999999994
3.8233333333333333
3.91
3.8999999999999995
3.8233333333333333
3.91
3.8999999999999995
3.8500000000000005
3.8999999999999995
3.8500000000000005
3.95
3.923333333333333
3.91
3.8500000000000005
3.91
3.8999999999999995
3.95
3.883333333333333
3.8
3.95
3.8
3.923333333333333
3.95
3.95
3.96
3.91
3.91
3.8999999999999995
3.8999999999999995
3.91
3.9733333333333336
3.91
4.0
3.91
3.96
3.91
3.8999999999999995
3.91
3.96
3.8999999999999995
3.9733333333333336
3.95
3.8999999999999995
3.873333333333334
3.873333333333334
3.8599999999999994
3.95
3.95
3.8999999999999995
3.91
3.95
3.95
3.923333333333333
3.95
4.0
3.883333333333333
3.96
3.91
3.96
3.8500000000000005
3.95
3.95
3.95
4.0
3.91
3.96
3.96
3.8099999999999996
3.9333333333333336
3.8099999999999996
3.883333333333333
3.91
3.923333333333333
3.95
3.96
3.8999999999999995
4.0
3.8599999999999994
3.96
3.8599999999999994
3.873333333333334
3.8599999999999994
3.8999999999999995
3.883333333333333
3.833333333333333
3.8999999999999995
3.95
3.8999999999999995
3.91
3.91
3.873333333333334
3.91
3.91
3.8999999999999995
4.0
3.91
3.9733333333333336
3.95
3.8999999999999995
4.0
3.8599999999999994
3.91
3.8999999999999995
3.873333333333334
3.9733333333333336
3.8999999999999995
3.96
3.95
3.9733333333333336
3.95
3.9733333333333336
3.96
3.9733333333333336
3.91
3.8500000000000005
3.8999999999999995
3.95
3.95
3.91
3.91
3.91
3.8500000000000005
3.8599999999999994
3.8500000000000005
3.8999999999999995
3.8999999999999995
3.8999999999999995
3.923333333333333
3.923333333333333
3.923333333333333
3.95
3.95
3.8999999999999995
3.95
3.883333333333333
3.95
3.8599999999999994
3.95
3.91
3.8999999999999995
3.923333333333333
3.8999999999999995
3.95
3.91
3.95
3.8500000000000005
3.883333333333333
3.96
3.96
4.0
3.8999999999999995
3.923333333333333
3.95
4.0
3.96
3.9733333333333336
3.9733333333333336
3.8999999999999995
3.95
3.95
3.8999999999999995
3.96
3.91
3.95
3.873333333333334
3.96
3.9333333333333336
3.91
3.95
3.95
3.96
3.923333333333333
3.95
4.0
4.0
3.95
3.9733333333333336
3.8599999999999994
3.95
3.9733333333333336
3.923333333333333
4.0
3.91
3.95
3.8599999999999994
4.0
3.9733333333333336
3.923333333333333
4.0
3.9733333333333336
3.96
3.96
3.96
3.95
3.95
3.96
4.0
3.96
3.96
3.96
4.0
3.91
3.95
3.96
3.96
3.95
3.95
3.9333333333333336
3.9733333333333336
4.0
3.91
3.96
3.9333333333333336
3.96
3.95
3.883333333333333
4.0
3.96
3.96
3.95
3.8999999999999995
4.0
3.91
3.95
3.95
3.8999999999999995
3.8999999999999995
3.8999999999999995
3.95
3.95
4.0
4.0
3.8599999999999994
3.8500000000000005
3.91
3.96
3.95
4.0
3.923333333333333
3.8999999999999995
3.96
3.96
4.0
3.8999999999999995
4.0
3.9733333333333336
3.923333333333333
3.96
3.883333333333333
3.923333333333333
3.923333333333333
3.91
3.873333333333334
3.8599999999999994
3.95
3.8
3.95
3.95
3.95
3.8599999999999994
3.95
3.833333333333333
3.8999999999999995
3.923333333333333
3.95
3.8500000000000005
3.923333333333333
3.8999999999999995
3.8999999999999995
3.91
3.873333333333334
3.8
3.95
3.95
3.95
3.8999999999999995
3.91
3.923333333333333
3.8599999999999994
3.91
3.8999999999999995
3.8099999999999996
3.8999999999999995
3.8599999999999994
3.8599999999999994
3.873333333333334
3.8999999999999995
3.8599999999999994
3.8
3.8099999999999996
3.8599999999999994
3.8599999999999994
3.8599999999999994
3.8999999999999995
3.91
3.923333333333333
3.95
3.923333333333333
4.0
3.95
3.95
3.9733333333333336
4.0
3.95
3.96
3.8500000000000005
3.95
3.95
3.96
4.0
3.96
3.9733333333333336
3.8999999999999995
3.96
4.0
3.96
3.9733333333333336
3.95
3.96
4.0
3.95
3.96
4.0
3.96
3.95
3.9733333333333336
3.8999999999999995
4.0
3.95
3.91
3.91
4.0
4.0
3.9733333333333336
3.91
3.95
3.95
3.95
3.91
3.95
3.96
3.96
4.0
3.9733333333333336
3.91
4.0
3.8999999999999995
3.95
3.8999999999999995
3.91
3.9733333333333336
3.91
3.95
4.0
3.95
3.9333333333333336
4.0
3.9333333333333336
3.8999999999999995
3.9333333333333336
4.0
3.95
3.8599999999999994
3.96
3.9333333333333336
4.0
4.0
3.91
3.96
4.0
3.91
3.9333333333333336
3.96
3.87
3.920000000000001
3.96
3.8599999999999994
3.920000000000001
3.920000000000001
3.91
3.96
3.95
3.96
3.95
3.95
3.95
3.9733333333333336
3.95
4.0
3.8999999999999995
3.9733333333333336
3.91
3.9333333333333336
3.9733333333333336
3.96
3.923333333333333
3.8999999999999995
4.0
3.9733333333333336
3.91
3.96
3.95
4.0
4.0
4.0
3.9733333333333336
4.0
4.0
3.95
4.0
3.96
3.96
3.8999999999999995
3.91
3.9733333333333336
3.96
3.96
3.95
3.923333333333333
3.96
3.95
3.91
3.95
4.0
3.9733333333333336
4.0
3.923333333333333
4.0
3.96
3.9733333333333336
3.96
3.95
3.9733333333333336
3.96
3.923333333333333
3.8999999999999995
3.8599999999999994
3.95
3.8999999999999995
3.95
3.8999999999999995
3.91
3.95
3.9733333333333336
3.96
4.0
3.95
3.95
3.91
3.91
3.96
4.0
3.96
3.96
3.95
4.0
3.95
3.96
3.95
3.95
3.96
3.923333333333333
3.9733333333333336
4.0
4.0
4.0
3.91
4.0
3.8
3.9733333333333336
3.96
3.96
3.96
3.923333333333333
4.0
3.9733333333333336
3.91
4.0
3.9733333333333336
3.95
3.9733333333333336
3.9733333333333336
3.95
3.9333333333333336
3.96
3.923333333333333
3.9733333333333336
3.9333333333333336
3.8999999999999995
3.96
3.96
3.8999999999999995
3.9733333333333336
3.95
3.95
3.96
4.0
3.8999999999999995
3.9733333333333336
3.96
3.9733333333333336
4.0
3.96
3.91
3.9333333333333336
3.873333333333334
3.96
3.95
4.0
3.8999999999999995
3.9733333333333336
3.923333333333333
4.0
3.95
4.0
3.96
4.0
3.95
3.96
3.8599999999999994
3.91
3.96
3.9733333333333336
4.0
4.0
3.96
3.96
3.91
3.9733333333333336
3.9733333333333336
3.8999999999999995
3.95
3.923333333333333
3.95
3.95
3.8599999999999994
3.8599999999999994
3.8999999999999995
3.8999999999999995
3.8599999999999994
3.923333333333333
3.91
3.8999999999999995
3.9333333333333336
3.95
3.96
3.96
3.96
3.95
3.96
3.96
4.0
3.9733333333333336
3.8200000000000003
3.8099999999999996
3.91
3.8099999999999996
3.91
3.833333333333333
3.95
3.95
4.0
3.9333333333333336
3.96
4.0
3.96
4.0
4.0
3.95
3.8999999999999995
4.0
3.96
4.0
3.96
3.91
3.923333333333333
3.923333333333333
3.8500000000000005
3.91
3.95
3.8599999999999994
3.8999999999999995
3.923333333333333
3.95
3.8999999999999995
3.95
3.923333333333333
3.8999999999999995
3.95
3.95
3.91
3.8599999999999994
3.8599999999999994
3.87
3.8599999999999994
3.883333333333333
3.96
3.91
3.9333333333333336
3.91
3.920000000000001
3.9333333333333336
3.920000000000001
3.920000000000001
3.96
3.920000000000001
3.96
