-0.25
-0.1333333333333333
-0.08333333333333348
-0.2466666666666666
-0.3333333333333335
0.07666666666666666
-0.13666666666666671
-0.043333333333333446
-0.1333333333333333
0.16999999999999993
-0.1033333333333335
0.10000000000000009
-0.1466666666666665
0.05333333333333323
0.11333333333333329
0.10666666666666691
-0.07666666666666666
0.01666666666666705
0.3900000000000001
0.20666666666666655
0.07666666666666666
0.05333333333333323
0.08000000000000007
0.1033333333333335
0.1433333333333331
-0.06000000000000005
-0.046666666666666856
-0.15333333333333377
0.23333333333333295
0.07000000000000028
0.15333333333333377
0.13000000000000034
0.18666666666666698
0.16000000000000014
0.47666666666666657
0.24333333333333362
0.2833333333333332
0.1433333333333331
0.2200000000000002
0.34333333333333327
0.15666666666666673
0.36999999999999966
0.23333333333333295
0.20333333333333314
0.43999999999999995
0.33000000000000007
0.17999999999999972
0.436666666666667
0.3533333333333335
0.29666666666666686
0.6366666666666667
0.48
0.516666666666667
0.5366666666666666
0.47666666666666657
0.4666666666666668
0.3566666666666669
0.3666666666666667
0.2866666666666666
0.32666666666666666
0.18999999999999995
0.27
0.3599999999999999
0.3533333333333335
0.2533333333333334
0.2200000000000002
0.3533333333333335
0.3900000000000001
0.16000000000000014
0.2533333333333334
0.3200000000000003
0.11333333333333329
0.29666666666666686
0.16999999999999993
0.08000000000000007
0.07000000000000028
0.1466666666666665
0.009999999999999787
0.05666666666666664
0.14000000000000012
0.1499999999999999
0.10999999999999988
0.10000000000000009
0.10999999999999988
-0.0033333333333334103
-0.08000000000000007
-0.046666666666666856
-0.01666666666666705
0.036666666666666625
-0.03999999999999959
0.03999999999999959
0.043333333333333446
0.10999999999999988
0.0733333333333337
-0.029999999999999805
0.06000000000000005
0.09666666666666623
0.06000000000000005
0.03999999999999959
0.01666666666666705
-0.01666666666666705
0.029999999999999805
-0.0033333333333334103
0.020000000000000018
-0.07666666666666666
0.036666666666666625
-0.023333333333333428
0.0733333333333337
0.03999999999999959
0.0
0.009999999999999787
0.11333333333333329
0.036666666666666625
0.013333333333333197
0.029999999999999805
0.08000000000000007
0.0733333333333337
0.013333333333333197
0.009999999999999787
0.0033333333333334103
0.0
0.10000000000000009
-0.033333333333333215
0.10666666666666691
0.029999999999999805
0.020000000000000018
0.01666666666666705
0.020000000000000018
0.01666666666666705
-0.043333333333333446
-0.013333333333333197
0.08000000000000007
0.0
-0.043333333333333446
-0.013333333333333197
0.0
-0.02666666666666684
0.0
-0.023333333333333428
0.043333333333333446
0.029999999999999805
0.02666666666666684
0.01666666666666705
0.013333333333333197
-0.036666666666666625
-0.020000000000000018
-0.02666666666666684
-0.009999999999999787
0.0033333333333334103
-0.0066666666666663765
-0.009999999999999787
-0.009999999999999787
-0.01666666666666705
-0.023333333333333428
-0.029999999999999805
0.029999999999999805
0.03999999999999959
0.0033333333333334103
0.0
-0.029999999999999805
-0.020000000000000018
-0.029999999999999805
-0.009999999999999787
-0.009999999999999787
-0.020000000000000018
-0.029999999999999805
-0.05666666666666664
-0.020000000000000018
0.0
-0.009999999999999787
0.0
-0.020000000000000018
-0.03999999999999959
0.0033333333333334103
-0.029999999999999805
-0.01666666666666705
-0.029999999999999805
-0.01666666666666705
-0.009999999999999787
-0.009999999999999787
-0.009999999999999787
-0.009999999999999787
-0.009999999999999787
-0.020000000000000018
-0.029999999999999805
-0.036666666666666625
0.0033333333333334103
-0.009999999999999787
-0.009999999999999787
0.0033333333333334103
0.0
0.013333333333333197
0.0
-0.009999999999999787
-0.009999999999999787
0.0
-0.020000000000000018
-0.036666666666666625
-0.020000000000000018
0.0
-0.0066666666666663765
0.020000000000000018
0.0
0.0
-0.036666666666666625
0.0
-0.029999999999999805
-0.020000000000000018
0.0
-0.020000000000000018
-0.009999999999999787
-0.02666666666666684
-0.0066666666666663765
-0.020000000000000018
-0.0066666666666663765
-0.03999999999999959
-0.01666666666666705
-0.020000000000000018
0.029999999999999805
-0.009999999999999787
-0.029999999999999805
-0.020000000000000018
-0.029999999999999805
-0.01666666666666705
-0.029999999999999805
0.0
-0.020000000000000018
0.0033333333333334103
-0.02666666666666684
0.0
-0.009999999999999787
-0.009999999999999787
-0.029999999999999805
-0.009999999999999787
-0.009999999999999787
-0.009999999999999787
-0.020000000000000018
0.0033333333333334103
-0.020000000000000018
-0.03999999999999959
0.0
0.0
-0.009999999999999787
-0.020000000000000018
-0.036666666666666625
-0.020000000000000018
-0.020000000000000018
0.0
-0.009999999999999787
-0.009999999999999787
-0.036666666666666625
-0.009999999999999787
-0.009999999999999787
0.0
-0.020000000000000018
-0.009999999999999787
0.0
0.013333333333333197
0.0033333333333334103
-0.036666666666666625
0.029999999999999805
-0.009999999999999787
0.03999999999999959
-0.009999999999999787
-0.009999999999999787
0.0
-0.020000000000000018
-0.029999999999999805
-0.020000000000000018
0.0
0.0033333333333334103
-0.029999999999999805
-0.0066666666666663765
0.0033333333333334103
0.0
-0.029999999999999805
-0.029999999999999805
-0.009999999999999787
-0.009999999999999787
-0.009999999999999787
0.0
-0.020000000000000018
0.03999999999999959
-0.020000000000000018
-0.029999999999999805
-0.009999999999999787
-0.029999999999999805
-0.029999999999999805
0.0
-0.009999999999999787
-0.020000000000000018
-0.0066666666666663765
0.0
-0.009999999999999787
-0.020000000000000018
-0.020000000000000018
-0.020000000000000018
-0.020000000000000018
-0.0066666666666663765
-0.020000000000000018
-0.029999999999999805
-0.009999999999999787
0.03999999999999959
-0.036666666666666625
0.0033333333333334103
-0.009999999999999787
-0.009999999999999787
0.0
0.0033333333333334103
0.0
0.0
-0.020000000000000018
0.0
-0.009999999999999787
0.013333333333333197
0.013333333333333197
-0.009999999999999787
0.013333333333333197
0.013333333333333197
-0.0066666666666663765
-0.020000000000000018
0.013333333333333197
-0.009999999999999787
0.013333333333333197
0.0033333333333334103
-0.029999999999999805
0.0
0.013333333333333197
0.0
0.0
0.0033333333333334103
-0.009999999999999787
0.0
-0.03999999999999959
-0.020000000000000018
-0.009999999999999787
0.0
0.0
-0.009999999999999787
0.013333333333333197
0.0033333333333334103
-0.020000000000000018
0.013333333333333197
-0.009999999999999787
-0.009999999999999787
-0.020000000000000018
-0.020000000000000018
-0.009999999999999787
-0.020000000000000018
-0.009999999999999787
0.0
0.0
0.0
-0.020000000000000018
-0.009999999999999787
0.0033333333333334103
0.029999999999999805
-0.009999999999999787
-0.02666666666666684
0.0
-0.0066666666666663765
0.0
-0.020000000000000018
-0.0066666666666663765
0.0
-0.009999999999999787
0.0
0.0033333333333334103
0.0
0.0
-0.029999999999999805
-0.009999999999999787
-0.009999999999999787
-0.009999999999999787
-0.036666666666666625
0.0033333333333334103
0.020000000000000018
-0.020000000000000018
-0.009999999999999787
0.013333333333333197
0.0
-0.036666666666666625
-0.0066666666666663765
0.029999999999999805
0.0
-0.009999999999999787
-0.009999999999999787
-0.020000000000000018
0.0
-0.009999999999999787
0.03999999999999959
-0.020000000000000018
-0.009999999999999787
0.0033333333333334103
-0.020000000000000018
-0.020000000000000018
0.0
0.013333333333333197
-0.009999999999999787
-0.020000000000000018
-0.009999999999999787
-0.046666666666666856
0.0033333333333334103
-0.0066666666666663765
-0.009999999999999787
-0.046666666666666856
-0.046666666666666856
-0.036666666666666625
-0.029999999999999805
-0.009999999999999787
-0.046666666666666856
-0.029999999999999805
-0.06666666666666643
-0.046666666666666856
-0.03999999999999959
-0.020000000000000018
-0.009999999999999787
-0.020000000000000018
-0.02666666666666684
-0.029999999999999805
-0.0066666666666663765
-0.03999999999999959
-0.03999999999999959
-0.03999999999999959
-0.06000000000000005
-0.03999999999999959
-0.020000000000000018
0.029999999999999805
-0.029999999999999805
-0.03999999999999959
-0.036666666666666625
-0.08666666666666645
-0.029999999999999805
-0.050000000000000266
-0.050000000000000266
-0.06000000000000005
-0.07000000000000028
-0.06000000000000005
-0.050000000000000266
-0.06000000000000005
-0.08999999999999986
-0.08000000000000007
-0.08000000000000007
-0.08000000000000007
-0.06666666666666643
-0.07000000000000028
-0.08999999999999986
-0.07666666666666666
-0.08999999999999986
-0.08000000000000007
-0.08000000000000007
-0.07000000000000028
-0.07000000000000028
-0.10999999999999988
-0.10000000000000009
-0.08000000000000007
-0.08999999999999986
-0.08666666666666645
-0.03999999999999959
-0.02666666666666684
-0.03999999999999959
-0.03999999999999959
-0.050000000000000266
-0.06000000000000005
-0.050000000000000266
-0.03999999999999959
-0.029999999999999805
-0.01666666666666705
-0.020000000000000018
-0.03999999999999959
-0.029999999999999805
-0.03999999999999959
-0.036666666666666625
-0.03999999999999959
-0.03999999999999959
-0.029999999999999805
-0.029999999999999805
-0.029999999999999805
-0.020000000000000018
-0.029999999999999805
-0.029999999999999805
-0.03999999999999959
-0.01666666666666705
0.009999999999999787
-0.050000000000000266
-0.050000000000000266
-0.029999999999999805
-0.01666666666666705
-0.03999999999999959
-0.03999999999999959
-0.029999999999999805
0.009999999999999787
-0.01666666666666705
-0.02666666666666684
-0.01666666666666705
-0.050000000000000266
0.020000000000000018
-0.029999999999999805
-0.020000000000000018
-0.046666666666666856
-0.0066666666666663765
-0.046666666666666856
-0.029999999999999805
-0.009999999999999787
0.0
-0.0066666666666663765
-0.009999999999999787
-0.009999999999999787
-0.009999999999999787
-0.009999999999999787
-0.009999999999999787
-0.020000000000000018
-0.009999999999999787
0.03999999999999959
0.020000000000000018
-0.020000000000000018
-0.0066666666666663765
-0.009999999999999787
-0.020000000000000018
-0.029999999999999805
0.020000000000000018
-0.036666666666666625
-0.029999999999999805
-0.03999999999999959
-0.036666666666666625
-0.050000000000000266
-0.029999999999999805
-0.06666666666666643
-0.05666666666666664
-0.050000000000000266
-0.05666666666666664
-0.03999999999999959
-0.07000000000000028
-0.050000000000000266
-0.050000000000000266
-0.03999999999999959
-0.029999999999999805
-0.03999999999999959
-0.050000000000000266
-0.06000000000000005
-0.02666666666666684
-0.03999999999999959
-0.06000000000000005
-0.020000000000000018
-0.050000000000000266
-0.050000000000000266
-0.050000000000000266
-0.029999999999999805
-0.036666666666666625
-0.020000000000000018
-0.02666666666666684
-0.029999999999999805
-0.029999999999999805
-0.029999999999999805
-0.046666666666666856
-0.0066666666666663765
-0.050000000000000266
-0.03999999999999959
-0.020000000000000018
-0.0066666666666663765
0.020000000000000018
-0.02666666666666684
-0.020000000000000018
-0.01666666666666705
0.0033333333333334103
-0.009999999999999787
-0.029999999999999805
-0.036666666666666625
0.0
0.0033333333333334103
-0.009999999999999787
-0.009999999999999787
0.0
-0.009999999999999787
-0.020000000000000018
-0.01666666666666705
0.0
0.0
-0.029999999999999805
-0.020000000000000018
0.029999999999999805
-0.020000000000000018
0.03999999999999959
-0.020000000000000018
0.013333333333333197
-0.009999999999999787
0.0
0.0
0.0
-0.009999999999999787
0.0
-0.020000000000000018
-0.009999999999999787
-0.009999999999999787
-0.009999999999999787
-0.009999999999999787
-0.020000000000000018
-0.020000000000000018
0.0
-0.020000000000000018
0.0
0.0
-0.029999999999999805
-0.009999999999999787
-0.009999999999999787
0.0
-0.029999999999999805
-0.020000000000000018
0.0033333333333334103
0.0033333333333334103
-0.009999999999999787
-0.020000000000000018
-0.009999999999999787
-0.0066666666666663765
0.0
0.0
-0.0066666666666663765
0.0
-0.009999999999999787
-0.0066666666666663765
0.0
0.0
-0.009999999999999787
-0.009999999999999787
-0.009999999999999787
-0.020000000000000018
0.0
-0.009999999999999787
0.0
0.0
-0.020000000000000018
0.0
0.0033333333333334103
-0.009999999999999787
-0.0066666666666663765
-0.009999999999999787
-0.009999999999999787
0.0033333333333334103
-0.0066666666666663765
-0.020000000000000018
0.0
-0.009999999999999787
0.0
0.013333333333333197
-0.009999999999999787
-0.009999999999999787
-0.009999999999999787
0.0
-0.009999999999999787
-0.009999999999999787
-0.009999999999999787
0.0
0.0
0.0
0.0
-0.009999999999999787
-0.009999999999999787
-0.020000000000000018
0.0
-0.009999999999999787
-0.009999999999999787
0.0033333333333334103
-0.009999999999999787
-0.020000000000000018
-0.009999999999999787
0.0
0.0
0.0
-0.020000000000000018
-0.029999999999999805
-0.03999999999999959
-0.036666666666666625
0.013333333333333197
-0.009999999999999787
-0.009999999999999787
-0.020000000000000018
-0.029999999999999805
-0.029999999999999805
-0.0066666666666663765
-0.05666666666666664
-0.029999999999999805
-0.029999999999999805
-0.009999999999999787
-0.009999999999999787
-0.020000000000000018
-0.020000000000000018
-0.009999999999999787
-0.029999999999999805
-0.03999999999999959
-0.029999999999999805
-0.046666666666666856
-0.020000000000000018
-0.020000000000000018
-0.009999999999999787
-0.009999999999999787
-0.020000000000000018
0.029999999999999805
-0.020000000000000018
0.0033333333333334103
-0.009999999999999787
0.0
0.0
0.013333333333333197
0.0033333333333334103
0.0033333333333334103
0.0033333333333334103
-0.009999999999999787
0.0
0.0033333333333334103
-0.020000000000000018
-0.020000000000000018
-0.0066666666666663765
-0.009999999999999787
-0.020000000000000018
0.0
-0.009999999999999787
0.013333333333333197
0.0
0.0
-0.02666666666666684
-0.009999999999999787
-0.020000000000000018
-0.020000000000000018
-0.020000000000000018
-0.02666666666666684
0.0
0.0
0.013333333333333197
-0.009999999999999787
-0.009999999999999787
0.0
-0.009999999999999787
0.0
-0.009999999999999787
-0.009999999999999787
-0.020000000000000018
-0.02666666666666684
0.0
0.013333333333333197
0.0
0.013333333333333197
-0.009999999999999787
0.0
0.0
0.0
-0.009999999999999787
0.013333333333333197
0.0033333333333334103
0.0
-0.009999999999999787
0.013333333333333197
-0.009999999999999787
0.0
0.0
-0.009999999999999787
0.0
-0.009999999999999787
-0.020000000000000018
0.0
0.0
0.0
0.013333333333333197
0.0
-0.029999999999999805
0.0
-0.020000000000000018
0.0
-0.02666666666666684
0.013333333333333197
-0.009999999999999787
0.0
-0.009999999999999787
-0.020000000000000018
-0.009999999999999787
0.0
0.0033333333333334103
-0.02666666666666684
-0.009999999999999787
-0.009999999999999787
0.0
0.0
0.013333333333333197
-0.009999999999999787
0.0
0.013333333333333197
0.0
0.0033333333333334103
-0.009999999999999787
0.0
-0.009999999999999787
0.0
0.0033333333333334103
0.0
-0.009999999999999787
-0.009999999999999787
0.0
0.0
0.0
-0.009999999999999787
0.0
0.0
-0.009999999999999787
0.013333333333333197
0.0
0.03999999999999959
0.03999999999999959
-0.009999999999999787
0.013333333333333197
0.013333333333333197
-0.009999999999999787
0.0033333333333334103
-0.009999999999999787
-0.009999999999999787
0.0
0.0
0.0
0.013333333333333197
0.0
-0.02666666666666684
-0.02666666666666684
-0.009999999999999787
0.013333333333333197
0.0033333333333334103
0.0
-0.009999999999999787
-0.020000000000000018
-0.0066666666666663765
-0.01666666666666705
-0.029999999999999805
-0.020000000000000018
-0.029999999999999805
-0.020000000000000018
-0.03999999999999959
-0.009999999999999787
-0.020000000000000018
-0.020000000000000018
-0.009999999999999787
-0.009999999999999787
-0.029999999999999805
-0.009999999999999787
-0.009999999999999787
0.0033333333333334103
-0.020000000000000018
-0.036666666666666625
-0.009999999999999787
-0.036666666666666625
-0.029999999999999805
-0.009999999999999787
-0.009999999999999787
-0.009999999999999787
0.0
0.0
-0.009999999999999787
0.0
0.0
-0.009999999999999787
0.0
0.0
0.0
0.03999999999999959
-0.020000000000000018
0.0
0.0
0.013333333333333197
0.0
0.0
0.0
0.0
0.0
-0.036666666666666625
0.0
-0.009999999999999787
-0.009999999999999787
-0.009999999999999787
0.013333333333333197
0.0
0.0
0.0
0.0
-0.009999999999999787
-0.009999999999999787
-0.029999999999999805
0.0
0.0
-0.009999999999999787
0.0
0.0
-0.009999999999999787
-0.009999999999999787
-0.020000000000000018
0.0
0.0
0.0
0.0033333333333334103
-0.009999999999999787
0.0
-0.009999999999999787
0.0
-0.009999999999999787
-0.029999999999999805
-0.046666666666666856
-0.0066666666666663765
-0.009999999999999787
-0.009999999999999787
-0.029999999999999805
-0.020000000000000018
-0.020000000000000018
-0.01666666666666705
-0.03999999999999959
-0.03999999999999959
-0.050000000000000266
-0.01666666666666705
-0.03999999999999959
-0.050000000000000266
-0.050000000000000266
-0.029999999999999805
0.0
-0.050000000000000266
-0.01666666666666705
-0.06000000000000005
-0.050000000000000266
-0.029999999999999805
-0.029999999999999805
-0.03999999999999959
-0.050000000000000266
-0.02666666666666684
-0.03999999999999959
-0.050000000000000266
-0.02666666666666684
-0.06000000000000005
-0.07000000000000028
-0.08000000000000007
-0.08000000000000007
-0.050000000000000266
-0.03999999999999959
-0.050000000000000266
-0.03999999999999959
-0.0066666666666663765
-0.01666666666666705
-0.01666666666666705
-0.03999999999999959
-0.029999999999999805
-0.03999999999999959
-0.020000000000000018
-0.020000000000000018
-0.020000000000000018
-0.0066666666666663765
-0.020000000000000018
-0.020000000000000018
-0.029999999999999805
-0.020000000000000018
-0.020000000000000018
-0.020000000000000018
-0.020000000000000018
-0.020000000000000018
0.0
0.0
0.013333333333333197
0.029999999999999805
0.0
0.0
-0.009999999999999787
0.0
0.03999999999999959
0.0
-0.020000000000000018
0.0033333333333334103
0.0
0.0
0.0
-0.009999999999999787
0.013333333333333197
-0.009999999999999787
-0.020000000000000018
-0.009999999999999787
0.03999999999999959
0.0
-0.009999999999999787
-0.009999999999999787
0.0
0.0
0.013333333333333197
0.0
0.0
-0.020000000000000018
0.0
0.0
0.0
-0.009999999999999787
-0.020000000000000018
-0.009999999999999787
-0.020000000000000018
-0.020000000000000018
-0.029999999999999805
0.020000000000000018
-0.03999999999999959
-0.02666666666666684
-0.0066666666666663765
-0.03999999999999959
-0.029999999999999805
-0.03999999999999959
-0.03999999999999959
-0.029999999999999805
-0.029999999999999805
-0.029999999999999805
-0.029999999999999805
-0.029999999999999805
-0.020000000000000018
-0.020000000000000018
-0.03999999999999959
-0.050000000000000266
-0.01666666666666705
-0.029999999999999805
0.020000000000000018
-0.020000000000000018
-0.029999999999999805
-0.029999999999999805
-0.029999999999999805
-0.009999999999999787
-0.009999999999999787
-0.01666666666666705
0.0
-0.020000000000000018
-0.0066666666666663765
0.0
0.013333333333333197
0.0
-0.009999999999999787
0.0
-0.009999999999999787
0.0
-0.009999999999999787
0.0
-0.009999999999999787
0.0
0.0
0.0
-0.02666666666666684
0.0
0.0
-0.009999999999999787
-0.009999999999999787
-0.009999999999999787
-0.0066666666666663765
-0.009999999999999787
-0.009999999999999787
-0.009999999999999787
-0.009999999999999787
0.0033333333333334103
-0.009999999999999787
0.0
0.0
-0.020000000000000018
0.0
-0.009999999999999787
0.0
-0.02666666666666684
0.0
-0.020000000000000018
0.0
-0.009999999999999787
-0.020000000000000018
0.0
-0.020000000000000018
-0.009999999999999787
-0.009999999999999787
-0.009999999999999787
-0.009999999999999787
-0.009999999999999787
-0.009999999999999787
-0.009999999999999787
0.0
0.0
-0.036666666666666625
0.03999999999999959
0.0
0.0
0.0
0.0
0.0
-0.009999999999999787
-0.009999999999999787
-0.02666666666666684
0.03999999999999959
-0.009999999999999787
0.0
-0.036666666666666625
0.013333333333333197
0.013333333333333197
0.0
0.0
0.0033333333333334103
-0.02666666666666684
0.0
-0.02666666666666684
0.0
-0.009999999999999787
0.013333333333333197
0.0033333333333334103
-0.009999999999999787
0.0
0.0
0.03999999999999959
0.0
0.0
0.0033333333333334103
-0.009999999999999787
-0.009999999999999787
0.0
0.03999999999999959
-0.009999999999999787
0.0
-0.009999999999999787
0.0
0.0
0.0
0.03999999999999959
0.0
0.0
-0.009999999999999787
-0.02666666666666684
0.0
0.0
0.0
0.0
0.0
0.0
-0.009999999999999787
0.0
-0.009999999999999787
0.0
0.0
-0.009999999999999787
0.0
0.0
0.0
0.013333333333333197
0.0
0.013333333333333197
0.0
-0.009999999999999787
-0.009999999999999787
-0.009999999999999787
-0.009999999999999787
-0.009999999999999787
0.0
-0.009999999999999787
0.0
0.0
0.0
0.03999999999999959
0.0
0.0
0.0
0.0
0.0
0.0
0.0
0.013333333333333197
0.0
-0.029999999999999805
0.0
0.013333333333333197
0.0
-0.009999999999999787
0.0
0.0
0.0
0.013333333333333197
-0.009999999999999787
0.0
0.0
0.0
-0.009999999999999787
0.0
0.0
0.0
0.0
0.0
-0.009999999999999787
0.0
0.0
0.013333333333333197
0.0
-0.009999999999999787
-0.0066666666666663765
-0.020000000000000018
0.0
0.0
0.013333333333333197
-0.009999999999999787
0.0
0.013333333333333197
0.0
0.0
0.0
-0.009999999999999787
0.0
0.0
0.0
0.0
-0.009999999999999787
-0.009999999999999787
-0.009999999999999787
0.013333333333333197
-0.009999999999999787
-0.009999999999999787
0.0
0.0
-0.009999999999999787
0.013333333333333197
0.029999999999999805
0.0
-0.009999999999999787
-0.009999999999999787
-0.009999999999999787
-0.009999999999999787
0.0
0.0
-0.020000000000000018
0.0033333333333334103
0.013333333333333197
-0.009999999999999787
0.03999999999999959
0.0
0.0
0.0
0.013333333333333197
0.0
-0.009999999999999787
-0.009999999999999787
0.0
-0.009999999999999787
0.0
0.0
0.0
-0.009999999999999787
0.0
0.0
0.0
0.0
-0.009999999999999787
0.0
-0.009999999999999787
0.013333333333333197
0.0
0.0
0.0
0.013333333333333197
0.013333333333333197
0.0
0.0
0.013333333333333197
0.0
0.0
0.0
0.03999999999999959
0.0
-0.009999999999999787
-0.02666666666666684
-0.009999999999999787
-0.009999999999999787
0.0
-0.009999999999999787
0.0
0.0
0.0
0.0
0.0
0.03999999999999959
0.0
-0.009999999999999787
-0.009999999999999787
0.0
0.0
0.0
0.0
-0.009999999999999787
-0.009999999999999787
-0.009999999999999787
-0.020000000000000018
-0.020000000000000018
-0.009999999999999787
-0.020000000000000018
-0.020000000000000018
-0.020000000000000018
-0.009999999999999787
-0.009999999999999787
-0.009999999999999787
-0.009999999999999787
0.0
-0.009999999999999787
0.0
0.0033333333333334103
0.0033333333333334103
0.013333333333333197
0.0033333333333334103
-0.03999999999999959
-0.009999999999999787
-0.0066666666666663765
0.0
-0.009999999999999787
0.0
0.0
0.0
0.0
-0.029999999999999805
-0.009999999999999787
0.0
-0.009999999999999787
0.0
0.0033333333333334103
-0.020000000000000018
0.03999999999999959
0.013333333333333197
-0.009999999999999787
0.0
-0.009999999999999787
-0.0066666666666663765
-0.009999999999999787
-0.009999999999999787
0.0033333333333334103
-0.009999999999999787
0.0
0.013333333333333197
0.0
-0.009999999999999787
-0.009999999999999787
-0.009999999999999787
-0.009999999999999787
0.03999999999999959
0.0
0.0
-0.020000000000000018
0.0
0.0
0.013333333333333197
0.0
0.0
-0.02666666666666684
-0.009999999999999787
-0.009999999999999787
0.03999999999999959
0.0
-0.009999999999999787
-0.036666666666666625
-0.009999999999999787
-0.009999999999999787
-0.009999999999999787
-0.020000000000000018
-0.009999999999999787
0.0
0.0
-0.020000000000000018
-0.020000000000000018
0.0
-0.009999999999999787
-0.009999999999999787
0.0
0.013333333333333197
-0.009999999999999787
0.0
0.0
0.0
-0.009999999999999787
-0.009999999999999787
-0.020000000000000018
0.0
0.0
-0.009999999999999787
0.0
0.0
-0.009999999999999787
-0.009999999999999787
-0.03999999999999959
-0.020000000000000018
0.029999999999999805
-0.009999999999999787
-0.020000000000000018
-0.020000000000000018
-0.020000000000000018
0.0033333333333334103
-0.009999999999999787
-0.03999999999999959
-0.03999999999999959
-0.029999999999999805
-0.029999999999999805
0.0
-0.03999999999999959
-0.03999999999999959
-0.029999999999999805
-0.009999999999999787
-0.020000000000000018
-0.020000000000000018
-0.01666666666666705
-0.020000000000000018
-0.020000000000000018
-0.01666666666666705
-0.009999999999999787
-0.020000000000000018
-0.020000000000000018
-0.020000000000000018
-0.029999999999999805
-0.009999999999999787
0.0033333333333334103
-0.009999999999999787
-0.020000000000000018
-0.009999999999999787
-0.009999999999999787
-0.009999999999999787
-0.036666666666666625
-0.029999999999999805
-0.009999999999999787
-0.029999999999999805
0.0033333333333334103
-0.009999999999999787
-0.009999999999999787
0.0
0.029999999999999805
-0.009999999999999787
-0.020000000000000018
-0.020000000000000018
-0.009999999999999787
0.013333333333333197
-0.020000000000000018
0.0
0.029999999999999805
0.0
-0.009999999999999787
-0.009999999999999787
-0.009999999999999787
0.0
-0.020000000000000018
0.013333333333333197
0.0
-0.009999999999999787
-0.0066666666666663765
-0.0066666666666663765
-0.020000000000000018
-0.009999999999999787
-0.009999999999999787
-0.020000000000000018
-0.009999999999999787
-0.009999999999999787
-0.009999999999999787
0.0033333333333334103
0.0
0.0
-0.036666666666666625
-0.009999999999999787
-0.009999999999999787
-0.009999999999999787
-0.029999999999999805
-0.009999999999999787
-0.009999999999999787
0.0
0.0
-0.020000000000000018
-0.009999999999999787
0.0
-0.029999999999999805
0.013333333333333197
-0.020000000000000018
0.0033333333333334103
-0.009999999999999787
0.0033333333333334103
-0.009999999999999787
0.0
-0.020000000000000018
0.0
-0.020000000000000018
0.0
-0.020000000000000018
-0.0066666666666663765
-0.020000000000000018
-0.020000000000000018
-0.036666666666666625
-0.046666666666666856
-0.009999999999999787
-0.009999999999999787
-0.009999999999999787
-0.009999999999999787
-0.009999999999999787
-0.0066666666666663765
-0.009999999999999787
-0.020000000000000018
-0.020000000000000018
0.0
-0.009999999999999787
0.013333333333333197
-0.009999999999999787
-0.009999999999999787
0.0
-0.029999999999999805
-0.009999999999999787
0.0
0.0033333333333334103
0.013333333333333197
-0.009999999999999787
0.0
0.0
0.013333333333333197
-0.009999999999999787
0.013333333333333197
0.0
0.013333333333333197
-0.020000000000000018
-0.020000000000000018
-0.020000000000000018
-0.009999999999999787
-0.009999999999999787
-0.009999999999999787
-0.009999999999999787
-0.009999999999999787
-0.020000000000000018
0.020000000000000018
-0.020000000000000018
-0.009999999999999787
-0.009999999999999787
-0.020000000000000018
0.0033333333333334103
0.0033333333333334103
0.0033333333333334103
-0.009999999999999787
-0.009999999999999787
-0.009999999999999787
-0.009999999999999787
-0.036666666666666625
-0.009999999999999787
-0.020000000000000018
-0.009999999999999787
0.029999999999999805
-0.009999999999999787
0.0033333333333334103
-0.009999999999999787
-0.009999999999999787
-0.009999999999999787
-0.009999999999999787
-0.029999999999999805
-0.036666666666666625
0.0
0.0
0.0
-0.020000000000000018
0.0033333333333334103
0.0
0.0
0.0
0.013333333333333197
0.013333333333333197
-0.009999999999999787
0.0
-0.009999999999999787
-0.009999999999999787
0.0
-0.020000000000000018
-0.009999999999999787
-0.0066666666666663765
0.0
-0.02666666666666684
-0.009999999999999787
-0.009999999999999787
0.0
0.0
0.0033333333333334103
-0.009999999999999787
0.0
0.0
-0.009999999999999787
0.013333333333333197
-0.020000000000000018
0.0
0.013333333333333197
0.0033333333333334103
0.0
-0.009999999999999787
-0.009999999999999787
-0.020000000000000018
0.0
0.013333333333333197
0.0033333333333334103
0.0
0.013333333333333197
0.0
0.0
0.0
-0.009999999999999787
-0.009999999999999787
-0.009999999999999787
0.0
0.0
0.0
0.0
0.0
-0.009999999999999787
-0.009999999999999787
0.0
0.0
-0.009999999999999787
-0.009999999999999787
-0.02666666666666684
0.013333333333333197
0.0
-0.009999999999999787
0.0
-0.02666666666666684
0.0
0.0
-0.036666666666666625
0.0
0.0
0.0
0.0
-0.009999999999999787
0.0
-0.009999999999999787
0.0
0.0
-0.009999999999999787
-0.020000000000000018
-0.009999999999999787
0.0
0.0
0.0
0.0
-0.020000000000000018
-0.020000000000000018
-0.009999999999999787
0.0
0.0
0.0
0.0033333333333334103
-0.020000000000000018
0.0
-0.009999999999999787
0.0
-0.009999999999999787
0.0
0.013333333333333197
0.0033333333333334103
-0.009999999999999787
-0.036666666666666625
0.0033333333333334103
0.0033333333333334103
-0.009999999999999787
-0.0066666666666663765
-0.020000000000000018
-0.009999999999999787
-0.029999999999999805
-0.009999999999999787
-0.009999999999999787
-0.009999999999999787
-0.020000000000000018
-0.009999999999999787
-0.046666666666666856
-0.009999999999999787
0.0033333333333334103
-0.009999999999999787
-0.020000000000000018
0.0033333333333334103
-0.009999999999999787
-0.020000000000000018
-0.009999999999999787
-0.0066666666666663765
-0.029999999999999805
-0.009999999999999787
-0.009999999999999787
-0.009999999999999787
-0.009999999999999787
-0.009999999999999787
0.0033333333333334103
-0.020000000000000018
-0.009999999999999787
-0.020000000000000018
-0.029999999999999805
-0.020000000000000018
-0.029999999999999805
-0.020000000000000018
-0.0066666666666663765
-0.020000000000000018
-0.029999999999999805
-0.029999999999999805
-0.03999999999999959
-0.029999999999999805
0.020000000000000018
-0.020000000000000018
-0.020000000000000018
-0.009999999999999787
0.0033333333333334103
-0.009999999999999787
0.0033333333333334103
0.0
0.0
-0.009999999999999787
0.013333333333333197
0.0
-0.009999999999999787
0.0
-0.009999999999999787
0.0
0.0
0.0
0.0
0.0
0.013333333333333197
-0.009999999999999787
0.0
0.0
0.0
0.013333333333333197
0.0
0.0
0.0
-0.009999999999999787
0.0
0.0
-0.009999999999999787
-0.009999999999999787
0.013333333333333197
-0.009999999999999787
0.0
0.0
-0.020000000000000018
-0.009999999999999787
0.0
0.0
0.013333333333333197
-0.009999999999999787
0.0
-0.009999999999999787
0.0
-0.009999999999999787
0.0
0.0
0.0
0.0
0.013333333333333197
-0.009999999999999787
0.0
-0.020000000000000018
-0.009999999999999787
-0.009999999999999787
-0.009999999999999787
0.013333333333333197
-0.009999999999999787
0.0
0.0
0.0
-0.02666666666666684
0.0
-0.02666666666666684
-0.009999999999999787
-0.02666666666666684
0.0
0.0
-0.020000000000000018
0.0
-0.02666666666666684
0.0
0.0
0.029999999999999805
0.0
0.0
-0.009999999999999787
-0.02666666666666684
0.03999999999999959
-0.009999999999999787
0.0
0.0
-0.009999999999999787
0.0
0.0
-0.009999999999999787
0.0
-0.009999999999999787
0.0
0.0
0.0
0.0
0.013333333333333197
-0.009999999999999787
0.0
-0.020000000000000018
0.013333333333333197
-0.009999999999999787
-0.02666666666666684
0.013333333333333197
0.0
0.0033333333333334103
-0.020000000000000018
0.0
0.013333333333333197
-0.009999999999999787
-0.009999999999999787
0.0
0.0
0.0
0.0
0.013333333333333197
0.0
0.0
-0.009999999999999787
0.0
0.0
-0.009999999999999787
-0.009999999999999787
-0.009999999999999787
0.013333333333333197
0.0
0.0
0.0
0.0033333333333334103
0.0
-0.009999999999999787
-0.009999999999999787
-0.009999999999999787
0.0
0.013333333333333197
0.0
0.0033333333333334103
0.0
0.0
0.013333333333333197
0.0
-0.009999999999999787
0.013333333333333197
0.0
0.0033333333333334103
-0.020000000000000018
-0.020000000000000018
-0.009999999999999787
-0.020000000000000018
-0.009999999999999787
-0.020000000000000018
-0.009999999999999787
-0.009999999999999787
0.013333333333333197
0.0
0.0
0.0
0.0
-0.009999999999999787
-0.009999999999999787
0.0
0.0
0.0
0.0
-0.009999999999999787
0.0
-0.009999999999999787
-0.009999999999999787
0.0
0.0
0.0
0.0033333333333334103
0.013333333333333197
0.0
0.0
0.0
-0.020000000000000018
0.0
-0.029999999999999805
0.013333333333333197
0.0
-0.009999999999999787
0.0
0.0033333333333334103
0.0
0.013333333333333197
-0.020000000000000018
0.0
0.013333333333333197
0.0
0.013333333333333197
0.013333333333333197
-0.009999999999999787
-0.02666666666666684
0.0
0.0033333333333334103
0.013333333333333197
-0.02666666666666684
-0.020000000000000018
0.0
-0.009999999999999787
-0.009999999999999787
0.013333333333333197
-0.009999999999999787
-0.009999999999999787
0.0
0.0
-0.009999999999999787
0.013333333333333197
0.0
0.013333333333333197
0.0
-0.009999999999999787
-0.020000000000000018
-0.02666666666666684
-0.0066666666666663765
0.0
-0.009999999999999787
0.0
-0.020000000000000018
0.013333333333333197
0.0033333333333334103
0.0
-0.009999999999999787
0.0
-0.009999999999999787
0.0
0.0
0.0
-0.029999999999999805
-0.020000000000000018
-0.009999999999999787
0.013333333333333197
0.0
0.0
0.0
0.0
0.029999999999999805
0.013333333333333197
0.013333333333333197
-0.009999999999999787
0.0
0.0033333333333334103
-0.009999999999999787
-0.009999999999999787
-0.020000000000000018
-0.020000000000000018
-0.020000000000000018
-0.009999999999999787
-0.020000000000000018
0.0033333333333334103
-0.020000000000000018
-0.020000000000000018
-0.02666666666666684
0.0
0.0
0.0
0.0
-0.009999999999999787
0.0
0.0
0.0
0.013333333333333197
-0.020000000000000018
-0.020000000000000018
0.0
-0.020000000000000018
-0.009999999999999787
-0.046666666666666856
0.0
0.0
0.0
-0.02666666666666684
0.0
0.0
0.0
0.0
0.0
0.0
-0.020000000000000018
0.0
0.03999999999999959
0.0
0.0
0.029999999999999805
0.0033333333333334103
0.0033333333333334103
-0.029999999999999805
-0.009999999999999787
-0.009999999999999787
0.020000000000000018
-0.020000000000000018
0.0033333333333334103
-0.009999999999999787
-0.009999999999999787
-0.009999999999999787
0.0033333333333334103
-0.009999999999999787
-0.009999999999999787
-0.009999999999999787
0.029999999999999805
-0.020000000000000018
-0.009999999999999787
-0.009999999999999787
-0.020000000000000018
0.0033333333333334103
-0.009999999999999787
-0.009999999999999787
0.013333333333333197
-0.009999999999999787
0.0
0.013333333333333197
0.0
-0.009999999999999787
0.0
0.0
0.0
