0.08666666666666645
-0.08666666666666645
0.1766666666666663
0.3533333333333335
0.2899999999999996
0.21666666666666679
0.15333333333333377
0.4299999999999997
0.436666666666667
0.3200000000000003
0.15333333333333377
0.5966666666666662
0.34666666666666623
0.25
0.27333333333333343
0.73
0.06333333333333302
0.3900000000000001
0.06000000000000005
0.31000000000000005
0.436666666666667
0.4299999999999997
0.563333333333333
0.08333333333333348
0.4700000000000002
0.31666666666666643
0.09333333333333327
0.3866666666666667
-0.029999999999999805
0.046666666666666856
-0.01666666666666705
0.17333333333333334
0.1033333333333335
-0.0066666666666663765
0.050000000000000266
0.31000000000000005
0.1499999999999999
0.09666666666666623
0.3900000000000001
0.17333333333333334
0.20333333333333314
0.23333333333333295
0.2566666666666664
0.18666666666666698
0.1166666666666667
0.2633333333333332
0.08000000000000007
0.10000000000000009
0.023333333333333428
0.02666666666666684
0.020000000000000018
0.17333333333333334
-0.13666666666666671
0.25
0.0
0.33000000000000007
0.07000000000000028
-0.05333333333333323
0.10666666666666691
0.18666666666666698
0.2100000000000004
0.2533333333333334
0.3599999999999999
0.20666666666666655
0.3533333333333335
0.13000000000000034
0.17333333333333334
0.34333333333333327
0.32666666666666666
0.1166666666666667
0.17999999999999972
0.4933333333333336
0.1499999999999999
0.036666666666666625
0.050000000000000266
0.16666666666666652
0.19333333333333336
0.036666666666666625
-0.08000000000000007
-0.06000000000000005
-0.1466666666666665
0.1466666666666665
0.033333333333333215
-0.029999999999999805
-0.033333333333333215
0.10000000000000009
0.4700000000000002
0.16999999999999993
-0.11999999999999966
-0.1033333333333335
0.15333333333333377
-0.020000000000000018
0.12666666666666693
-0.02666666666666684
-0.020000000000000018
0.029999999999999805
-0.06666666666666643
0.10000000000000009
0.06333333333333302
-0.13000000000000034
0.10666666666666691
0.0066666666666663765
-0.036666666666666625
0.08666666666666645
-0.020000000000000018
0.21333333333333337
0.1466666666666665
0.1033333333333335
-0.01666666666666705
0.08666666666666645
-0.08333333333333348
0.043333333333333446
0.06000000000000005
0.0733333333333337
0.046666666666666856
-0.023333333333333428
0.11999999999999966
0.16666666666666652
0.2100000000000004
0.06333333333333302
0.1033333333333335
0.05666666666666664
0.029999999999999805
0.09666666666666623
0.09333333333333327
-0.10666666666666691
-0.06000000000000005
0.01666666666666705
0.08000000000000007
0.036666666666666625
-0.0033333333333334103
0.11333333333333329
0.0033333333333334103
-0.0033333333333334103
-0.020000000000000018
-0.0066666666666663765
0.05666666666666664
-0.08333333333333348
0.050000000000000266
0.11999999999999966
0.036666666666666625
0.1333333333333333
-0.05333333333333323
-0.013333333333333197
-0.07000000000000028
-0.10999999999999988
0.013333333333333197
-0.023333333333333428
0.013333333333333197
0.10000000000000009
0.05666666666666664
-0.11999999999999966
-0.07000000000000028
0.023333333333333428
0.01666666666666705
0.1333333333333333
0.16000000000000014
0.05666666666666664
-0.05333333333333323
0.03999999999999959
0.033333333333333215
0.0
0.05666666666666664
0.09333333333333327
0.023333333333333428
-0.03999999999999959
0.12333333333333307
-0.0033333333333334103
0.05666666666666664
-0.023333333333333428
0.0733333333333337
-0.05333333333333323
0.0
0.023333333333333428
-0.009999999999999787
-0.009999999999999787
0.08000000000000007
0.013333333333333197
0.0
-0.02666666666666684
0.013333333333333197
0.03999999999999959
0.0
0.029999999999999805
0.01666666666666705
-0.009999999999999787
0.03999999999999959
0.0
-0.009999999999999787
0.029999999999999805
0.05333333333333323
0.05333333333333323
0.0033333333333334103
0.06666666666666643
-0.009999999999999787
0.05333333333333323
0.0033333333333334103
0.09333333333333327
0.05333333333333323
0.01666666666666705
0.01666666666666705
0.013333333333333197
0.0
0.0033333333333334103
0.01666666666666705
0.013333333333333197
0.0
0.0033333333333334103
0.013333333333333197
0.013333333333333197
0.03999999999999959
0.02666666666666684
-0.013333333333333197
0.05333333333333323
0.01666666666666705
0.0033333333333334103
0.08000000000000007
0.0033333333333334103
0.09333333333333327
0.01666666666666705
0.013333333333333197
0.06666666666666643
0.0
0.06666666666666643
0.01666666666666705
0.03999999999999959
0.02666666666666684
0.0033333333333334103
0.0
0.029999999999999805
0.0033333333333334103
0.02666666666666684
0.09333333333333327
0.03999999999999959
0.013333333333333197
0.05333333333333323
0.02666666666666684
-0.009999999999999787
0.01666666666666705
0.029999999999999805
0.02666666666666684
0.03999999999999959
0.01666666666666705
-0.013333333333333197
0.03999999999999959
0.02666666666666684
0.013333333333333197
0.0
-0.009999999999999787
0.0033333333333334103
-0.009999999999999787
0.02666666666666684
-0.013333333333333197
0.013333333333333197
0.03999999999999959
0.0
0.0
0.0033333333333334103
0.05333333333333323
0.013333333333333197
-0.009999999999999787
0.0033333333333334103
-0.02666666666666684
0.0
-0.009999999999999787
0.0
0.02666666666666684
0.013333333333333197
0.02666666666666684
0.03999999999999959
0.02666666666666684
0.02666666666666684
0.02666666666666684
0.02666666666666684
0.02666666666666684
0.05333333333333323
0.0033333333333334103
-0.013333333333333197
-0.009999999999999787
-0.009999999999999787
0.0033333333333334103
0.013333333333333197
0.0033333333333334103
0.0033333333333334103
0.02666666666666684
0.013333333333333197
0.013333333333333197
0.0
0.0
0.05333333333333323
0.03999999999999959
0.02666666666666684
0.01666666666666705
0.029999999999999805
0.08000000000000007
0.013333333333333197
0.0033333333333334103
0.0033333333333334103
0.0
0.013333333333333197
0.0
-0.02666666666666684
0.0033333333333334103
-0.009999999999999787
0.03999999999999959
0.02666666666666684
0.03999999999999959
0.0
-0.02666666666666684
0.03999999999999959
0.013333333333333197
-0.013333333333333197
0.0033333333333334103
0.02666666666666684
-0.009999999999999787
-0.02666666666666684
0.0
0.0
0.0
0.0
0.0
-0.009999999999999787
0.0
-0.02666666666666684
0.0
0.013333333333333197
0.013333333333333197
0.0033333333333334103
0.0033333333333334103
0.0
0.0033333333333334103
0.013333333333333197
-0.009999999999999787
0.0
-0.009999999999999787
0.0
0.013333333333333197
0.0
0.0033333333333334103
0.0
0.0
0.029999999999999805
0.01666666666666705
-0.009999999999999787
-0.013333333333333197
0.0
-0.009999999999999787
0.013333333333333197
0.0
0.03999999999999959
0.0033333333333334103
-0.009999999999999787
-0.02666666666666684
0.013333333333333197
-0.013333333333333197
0.013333333333333197
0.013333333333333197
0.013333333333333197
0.02666666666666684
-0.02666666666666684
0.0
0.0
0.013333333333333197
0.013333333333333197
-0.009999999999999787
0.013333333333333197
0.03999999999999959
0.05333333333333323
0.03999999999999959
-0.009999999999999787
0.0
0.013333333333333197
0.0
-0.009999999999999787
0.0
0.0
0.0
0.0
-0.009999999999999787
0.02666666666666684
0.0
0.05333333333333323
0.013333333333333197
0.013333333333333197
0.013333333333333197
-0.009999999999999787
-0.009999999999999787
0.05333333333333323
0.0033333333333334103
-0.009999999999999787
-0.009999999999999787
0.013333333333333197
0.02666666666666684
0.0033333333333334103
0.0
-0.009999999999999787
0.0
0.0
0.03999999999999959
0.0
0.013333333333333197
0.01666666666666705
0.013333333333333197
0.0
0.029999999999999805
0.05666666666666664
0.02666666666666684
0.0
0.0033333333333334103
0.0
0.06666666666666643
-0.009999999999999787
-0.009999999999999787
0.013333333333333197
0.0
0.06666666666666643
0.0033333333333334103
-0.009999999999999787
0.0
0.0
0.0
0.01666666666666705
0.05333333333333323
0.0033333333333334103
0.013333333333333197
0.01666666666666705
0.013333333333333197
0.0
0.013333333333333197
0.02666666666666684
0.0
-0.009999999999999787
-0.009999999999999787
0.0033333333333334103
-0.009999999999999787
0.043333333333333446
-0.036666666666666625
0.0066666666666663765
0.06666666666666643
-0.0066666666666663765
0.020000000000000018
-0.020000000000000018
-0.03999999999999959
-0.02666666666666684
-0.033333333333333215
-0.0733333333333337
-0.06000000000000005
-0.046666666666666856
-0.029999999999999805
-0.01666666666666705
-0.06333333333333302
-0.046666666666666856
-0.033333333333333215
-0.0733333333333337
-0.06333333333333302
-0.01666666666666705
-0.046666666666666856
0.033333333333333215
0.023333333333333428
-0.05666666666666664
0.023333333333333428
-0.02666666666666684
-0.10999999999999988
-0.050000000000000266
-0.07666666666666666
-0.02666666666666684
0.0033333333333334103
-0.07666666666666666
0.06000000000000005
-0.01666666666666705
-0.020000000000000018
-0.036666666666666625
0.09333333333333327
-0.02666666666666684
-0.020000000000000018
0.01666666666666705
0.013333333333333197
0.0
-0.009999999999999787
0.013333333333333197
-0.009999999999999787
0.013333333333333197
-0.009999999999999787
0.013333333333333197
0.0
0.0
0.03999999999999959
0.0033333333333334103
-0.009999999999999787
0.0
0.0
0.013333333333333197
0.05333333333333323
0.0
0.0
-0.009999999999999787
0.03999999999999959
0.0033333333333334103
0.03999999999999959
0.0
-0.009999999999999787
-0.009999999999999787
0.0033333333333334103
0.0
-0.009999999999999787
-0.009999999999999787
0.0
-0.02666666666666684
-0.02666666666666684
0.0
0.05333333333333323
0.013333333333333197
0.0033333333333334103
0.0
-0.009999999999999787
0.0
-0.009999999999999787
0.0
0.03999999999999959
-0.02666666666666684
-0.013333333333333197
0.01666666666666705
0.0033333333333334103
-0.02666666666666684
-0.013333333333333197
0.0
-0.009999999999999787
-0.009999999999999787
0.0
0.03999999999999959
-0.009999999999999787
-0.009999999999999787
-0.02666666666666684
0.013333333333333197
0.0
-0.009999999999999787
0.0
-0.009999999999999787
0.03999999999999959
-0.009999999999999787
-0.02666666666666684
-0.013333333333333197
0.0033333333333334103
0.03999999999999959
0.0
0.0
-0.009999999999999787
-0.009999999999999787
0.013333333333333197
0.0
0.0
-0.009999999999999787
0.0
0.013333333333333197
-0.02666666666666684
-0.02666666666666684
-0.009999999999999787
0.0
-0.02666666666666684
0.0
0.0
0.0
0.0
0.0
-0.009999999999999787
-0.009999999999999787
0.03999999999999959
0.0033333333333334103
-0.009999999999999787
-0.009999999999999787
0.0
-0.009999999999999787
0.0
-0.02666666666666684
0.0
-0.02666666666666684
0.0
0.0033333333333334103
0.013333333333333197
-0.02666666666666684
0.0
0.0
0.0
-0.009999999999999787
0.0
0.0
0.013333333333333197
0.013333333333333197
-0.02666666666666684
0.02666666666666684
0.02666666666666684
0.0
-0.009999999999999787
0.02666666666666684
-0.02666666666666684
0.0033333333333334103
-0.02666666666666684
0.0033333333333334103
-0.02666666666666684
0.013333333333333197
-0.009999999999999787
-0.009999999999999787
0.02666666666666684
0.0
0.0
-0.009999999999999787
0.0
0.03999999999999959
0.03999999999999959
0.0033333333333334103
0.0
-0.009999999999999787
0.0
0.0
-0.009999999999999787
-0.009999999999999787
0.0
0.0
0.013333333333333197
0.013333333333333197
-0.013333333333333197
0.0
-0.009999999999999787
-0.02666666666666684
0.03999999999999959
0.02666666666666684
0.013333333333333197
0.0
0.06666666666666643
0.013333333333333197
0.0
0.013333333333333197
0.01666666666666705
0.013333333333333197
0.03999999999999959
0.0033333333333334103
-0.009999999999999787
0.0
0.0033333333333334103
0.03999999999999959
0.02666666666666684
-0.013333333333333197
0.0
0.013333333333333197
0.0033333333333334103
0.013333333333333197
0.0033333333333334103
-0.02666666666666684
0.0
0.0033333333333334103
0.0033333333333334103
0.03999999999999959
0.0033333333333334103
0.0
-0.009999999999999787
0.013333333333333197
0.0
0.013333333333333197
-0.009999999999999787
0.0
-0.009999999999999787
-0.009999999999999787
0.02666666666666684
0.06666666666666643
-0.02666666666666684
0.0
0.013333333333333197
0.013333333333333197
0.0033333333333334103
0.0
0.013333333333333197
0.01666666666666705
0.01666666666666705
-0.009999999999999787
-0.013333333333333197
0.043333333333333446
0.0
0.03999999999999959
0.01666666666666705
0.01666666666666705
0.013333333333333197
0.02666666666666684
0.03999999999999959
0.03999999999999959
0.0
0.01666666666666705
0.013333333333333197
-0.009999999999999787
0.0
0.01666666666666705
0.01666666666666705
-0.013333333333333197
0.0033333333333334103
-0.009999999999999787
0.0033333333333334103
0.013333333333333197
0.0
0.0
-0.009999999999999787
-0.02666666666666684
-0.009999999999999787
-0.013333333333333197
0.013333333333333197
0.013333333333333197
0.0
0.02666666666666684
0.0033333333333334103
0.02666666666666684
-0.013333333333333197
0.013333333333333197
0.0
0.0
0.0
0.029999999999999805
-0.009999999999999787
-0.02666666666666684
0.0033333333333334103
0.0033333333333334103
0.05333333333333323
0.0
-0.009999999999999787
0.0033333333333334103
0.02666666666666684
0.03999999999999959
0.03999999999999959
0.0033333333333334103
0.013333333333333197
-0.02666666666666684
0.0
-0.009999999999999787
0.03999999999999959
0.0
0.0
0.013333333333333197
0.0
-0.009999999999999787
0.03999999999999959
0.0033333333333334103
0.0
0.0
0.0
-0.009999999999999787
-0.02666666666666684
-0.02666666666666684
0.0
0.013333333333333197
0.02666666666666684
0.0033333333333334103
-0.009999999999999787
0.02666666666666684
0.0033333333333334103
-0.013333333333333197
0.0
0.013333333333333197
0.0
-0.009999999999999787
0.013333333333333197
0.0
-0.009999999999999787
0.03999999999999959
-0.009999999999999787
0.0
-0.013333333333333197
0.0
-0.009999999999999787
-0.02666666666666684
0.0
0.0
-0.02666666666666684
-0.02666666666666684
0.0
-0.009999999999999787
0.0
-0.02666666666666684
-0.009999999999999787
-0.02666666666666684
0.02666666666666684
0.013333333333333197
0.0
-0.02666666666666684
-0.02666666666666684
0.0
0.03999999999999959
0.02666666666666684
0.0033333333333334103
0.013333333333333197
0.0
0.013333333333333197
-0.02666666666666684
-0.013333333333333197
0.03999999999999959
-0.009999999999999787
0.0
-0.02666666666666684
-0.009999999999999787
0.0
-0.013333333333333197
-0.009999999999999787
0.013333333333333197
0.05333333333333323
-0.013333333333333197
-0.013333333333333197
-0.013333333333333197
-0.02666666666666684
-0.05333333333333323
-0.02666666666666684
-0.05333333333333323
-0.009999999999999787
-0.02666666666666684
-0.02666666666666684
-0.02666666666666684
-0.02666666666666684
-0.036666666666666625
-0.036666666666666625
-0.009999999999999787
-0.05333333333333323
-0.05333333333333323
-0.05333333333333323
0.0033333333333334103
-0.0066666666666663765
-0.02666666666666684
-0.02666666666666684
-0.013333333333333197
0.0
0.013333333333333197
0.03999999999999959
0.06666666666666643
-0.02666666666666684
0.03999999999999959
-0.02666666666666684
0.0
0.0
-0.013333333333333197
0.0
0.03999999999999959
-0.02666666666666684
-0.02666666666666684
-0.009999999999999787
0.0
0.0
0.0033333333333334103
0.0
0.0
-0.02666666666666684
-0.02666666666666684
0.013333333333333197
-0.02666666666666684
-0.009999999999999787
0.029999999999999805
0.0
0.0033333333333334103
-0.02666666666666684
0.013333333333333197
0.0
-0.009999999999999787
0.0
0.013333333333333197
0.0
0.013333333333333197
0.013333333333333197
0.02666666666666684
-0.009999999999999787
-0.009999999999999787
0.03999999999999959
0.0
0.013333333333333197
0.013333333333333197
0.02666666666666684
-0.009999999999999787
0.0033333333333334103
-0.02666666666666684
0.0
0.013333333333333197
0.013333333333333197
-0.02666666666666684
0.0
0.013333333333333197
0.0033333333333334103
-0.02666666666666684
0.013333333333333197
0.0
-0.02666666666666684
0.03999999999999959
-0.009999999999999787
0.0033333333333334103
-0.02666666666666684
0.0
0.01666666666666705
0.0
0.0
0.0
0.0
0.0
-0.013333333333333197
-0.02666666666666684
-0.009999999999999787
-0.02666666666666684
0.013333333333333197
0.0
-0.009999999999999787
0.0
-0.009999999999999787
-0.009999999999999787
0.0
-0.009999999999999787
0.03999999999999959
-0.02666666666666684
-0.013333333333333197
-0.02666666666666684
0.0
0.013333333333333197
0.0
0.0033333333333334103
0.0
-0.009999999999999787
0.05333333333333323
0.0
0.05333333333333323
0.013333333333333197
-0.009999999999999787
0.0033333333333334103
-0.02666666666666684
0.013333333333333197
0.0033333333333334103
0.02666666666666684
0.0
0.0
0.0033333333333334103
0.02666666666666684
0.0033333333333334103
0.013333333333333197
0.0
0.01666666666666705
0.0033333333333334103
0.0
0.0
0.01666666666666705
0.0
-0.009999999999999787
0.013333333333333197
0.03999999999999959
0.013333333333333197
0.013333333333333197
0.02666666666666684
-0.009999999999999787
0.0033333333333334103
0.0033333333333334103
0.013333333333333197
0.029999999999999805
0.02666666666666684
0.0033333333333334103
0.01666666666666705
0.013333333333333197
0.03999999999999959
-0.02666666666666684
-0.02666666666666684
0.0
0.0
-0.02666666666666684
0.0
-0.02666666666666684
0.0
-0.02666666666666684
-0.013333333333333197
0.0
0.013333333333333197
0.02666666666666684
-0.02666666666666684
0.013333333333333197
-0.02666666666666684
0.013333333333333197
0.0
-0.02666666666666684
0.02666666666666684
0.0
0.0
-0.02666666666666684
0.0
0.03999999999999959
-0.02666666666666684
0.0033333333333334103
0.0
0.013333333333333197
-0.009999999999999787
0.0
-0.02666666666666684
0.013333333333333197
0.0
0.013333333333333197
-0.009999999999999787
-0.013333333333333197
-0.009999999999999787
0.0
-0.009999999999999787
0.03999999999999959
0.02666666666666684
0.0
0.0033333333333334103
-0.009999999999999787
0.01666666666666705
0.0033333333333334103
0.0
0.0033333333333334103
0.0
-0.02666666666666684
0.0
-0.009999999999999787
0.0
0.013333333333333197
0.0
0.013333333333333197
-0.009999999999999787
-0.02666666666666684
-0.02666666666666684
-0.02666666666666684
-0.009999999999999787
0.0033333333333334103
0.0033333333333334103
-0.009999999999999787
-0.009999999999999787
0.0
0.0
0.013333333333333197
0.01666666666666705
0.013333333333333197
-0.009999999999999787
0.0033333333333334103
0.0
-0.013333333333333197
0.013333333333333197
0.0
-0.009999999999999787
-0.009999999999999787
-0.009999999999999787
0.0
0.0
-0.009999999999999787
-0.009999999999999787
0.0
-0.013333333333333197
0.0
-0.02666666666666684
-0.009999999999999787
-0.02666666666666684
0.0
-0.02666666666666684
0.0
-0.02666666666666684
0.0
0.0
0.0
-0.009999999999999787
0.0033333333333334103
0.01666666666666705
0.0
-0.009999999999999787
0.03999999999999959
0.013333333333333197
-0.02666666666666684
-0.009999999999999787
-0.02666666666666684
-0.009999999999999787
0.0
0.03999999999999959
0.0
-0.013333333333333197
-0.009999999999999787
0.0
-0.02666666666666684
-0.009999999999999787
-0.009999999999999787
0.0
0.013333333333333197
-0.009999999999999787
0.0
-0.02666666666666684
0.0
0.0033333333333334103
0.0033333333333334103
-0.009999999999999787
0.0
0.0
-0.013333333333333197
0.0
-0.009999999999999787
0.02666666666666684
-0.009999999999999787
-0.009999999999999787
-0.02666666666666684
0.0
0.013333333333333197
0.0
0.0
-0.009999999999999787
-0.02666666666666684
0.0
0.013333333333333197
-0.02666666666666684
0.0
-0.009999999999999787
-0.009999999999999787
-0.02666666666666684
0.0
0.01666666666666705
-0.013333333333333197
-0.013333333333333197
0.0
-0.009999999999999787
0.013333333333333197
0.0
0.0033333333333334103
-0.009999999999999787
-0.009999999999999787
-0.02666666666666684
0.0
0.0
0.0033333333333334103
-0.009999999999999787
-0.02666666666666684
0.05333333333333323
-0.009999999999999787
-0.013333333333333197
-0.02666666666666684
-0.02666666666666684
0.0
0.0
0.013333333333333197
-0.009999999999999787
0.013333333333333197
-0.02666666666666684
-0.009999999999999787
0.0033333333333334103
0.0
0.0033333333333334103
-0.02666666666666684
-0.02666666666666684
0.0
0.0
0.013333333333333197
0.0
-0.009999999999999787
-0.009999999999999787
0.0033333333333334103
0.0
-0.009999999999999787
0.013333333333333197
0.0
-0.009999999999999787
0.0
-0.02666666666666684
-0.02666666666666684
0.013333333333333197
0.0
0.0
-0.009999999999999787
0.05333333333333323
-0.009999999999999787
-0.02666666666666684
-0.009999999999999787
-0.02666666666666684
-0.009999999999999787
0.0
0.0
0.013333333333333197
0.0
-0.009999999999999787
-0.02666666666666684
-0.02666666666666684
0.013333333333333197
0.0
-0.02666666666666684
0.0
0.013333333333333197
0.0
0.0
0.0033333333333334103
-0.02666666666666684
0.0033333333333334103
-0.009999999999999787
0.013333333333333197
-0.02666666666666684
0.0
0.013333333333333197
0.013333333333333197
0.0
0.0
0.013333333333333197
0.0033333333333334103
0.0
0.0
-0.02666666666666684
-0.009999999999999787
0.013333333333333197
0.013333333333333197
-0.013333333333333197
-0.009999999999999787
0.0
0.013333333333333197
0.05333333333333323
-0.02666666666666684
0.0
0.013333333333333197
0.0
-0.009999999999999787
0.0
0.0
-0.013333333333333197
0.0
0.0
0.0
0.0
-0.02666666666666684
0.0
0.013333333333333197
0.0
0.013333333333333197
0.0
0.0
0.0
0.0033333333333334103
0.0
0.0
0.0033333333333334103
0.01666666666666705
0.0
-0.009999999999999787
0.03999999999999959
-0.009999999999999787
-0.009999999999999787
-0.02666666666666684
0.0
-0.02666666666666684
-0.02666666666666684
0.013333333333333197
0.0
-0.02666666666666684
0.013333333333333197
0.0
0.0
0.0
0.013333333333333197
0.013333333333333197
0.03999999999999959
0.0033333333333334103
0.0
0.0
0.013333333333333197
0.0
0.0
-0.013333333333333197
-0.009999999999999787
0.0
-0.02666666666666684
0.0033333333333334103
0.0
0.02666666666666684
0.0
0.0033333333333334103
0.0
-0.013333333333333197
-0.009999999999999787
0.0
-0.009999999999999787
0.0
0.06666666666666643
0.0
0.01666666666666705
0.0
-0.02666666666666684
0.0
0.0033333333333334103
0.0033333333333334103
0.0
-0.009999999999999787
0.03999999999999959
0.02666666666666684
0.02666666666666684
0.0
0.03999999999999959
0.05333333333333323
-0.02666666666666684
-0.009999999999999787
0.03999999999999959
0.013333333333333197
0.03999999999999959
-0.009999999999999787
-0.013333333333333197
-0.009999999999999787
-0.009999999999999787
-0.009999999999999787
0.0
-0.013333333333333197
0.0033333333333334103
-0.009999999999999787
0.0033333333333334103
-0.013333333333333197
0.03999999999999959
0.013333333333333197
0.013333333333333197
0.0033333333333334103
0.02666666666666684
0.0033333333333334103
0.05333333333333323
0.0
0.01666666666666705
0.0033333333333334103
0.0
0.013333333333333197
0.02666666666666684
0.0
0.02666666666666684
0.05333333333333323
0.013333333333333197
0.0
0.02666666666666684
0.01666666666666705
0.02666666666666684
0.05333333333333323
0.02666666666666684
0.02666666666666684
0.02666666666666684
0.03999999999999959
0.029999999999999805
0.05666666666666664
0.08000000000000007
0.05333333333333323
0.05333333333333323
0.09333333333333327
0.11999999999999966
0.07000000000000028
0.029999999999999805
0.05333333333333323
0.09333333333333327
0.06666666666666643
0.05333333333333323
0.10666666666666691
0.043333333333333446
0.06666666666666643
0.11999999999999966
0.02666666666666684
0.05666666666666664
0.06666666666666643
0.01666666666666705
0.05333333333333323
0.029999999999999805
0.01666666666666705
0.03999999999999959
0.05333333333333323
0.06666666666666643
0.05333333333333323
0.013333333333333197
-0.013333333333333197
0.03999999999999959
0.03999999999999959
0.01666666666666705
0.06666666666666643
0.0033333333333334103
0.08000000000000007
0.043333333333333446
0.05333333333333323
0.02666666666666684
0.02666666666666684
0.06666666666666643
0.01666666666666705
0.029999999999999805
0.06666666666666643
0.0033333333333334103
0.0
0.0
-0.013333333333333197
0.0
0.06666666666666643
0.013333333333333197
-0.013333333333333197
0.02666666666666684
0.01666666666666705
-0.013333333333333197
0.03999999999999959
0.0033333333333334103
0.03999999999999959
-0.013333333333333197
0.03999999999999959
0.013333333333333197
0.013333333333333197
0.05333333333333323
0.05666666666666664
0.03999999999999959
0.01666666666666705
0.029999999999999805
0.05333333333333323
0.08000000000000007
0.08000000000000007
0.08000000000000007
0.01666666666666705
0.01666666666666705
0.06666666666666643
0.01666666666666705
0.0033333333333334103
0.05333333333333323
0.0033333333333334103
0.05333333333333323
0.02666666666666684
0.01666666666666705
0.01666666666666705
0.013333333333333197
0.06666666666666643
0.02666666666666684
0.013333333333333197
0.0
0.06666666666666643
0.0
0.06666666666666643
0.02666666666666684
0.029999999999999805
0.01666666666666705
0.013333333333333197
0.02666666666666684
0.03999999999999959
0.05333333333333323
0.02666666666666684
0.0
0.013333333333333197
0.02666666666666684
0.02666666666666684
0.05666666666666664
0.0033333333333334103
0.01666666666666705
0.03999999999999959
0.013333333333333197
0.0033333333333334103
0.06666666666666643
0.043333333333333446
0.0066666666666663765
0.020000000000000018
0.0033333333333334103
0.0033333333333334103
0.05666666666666664
-0.023333333333333428
0.0033333333333334103
0.05333333333333323
0.0
0.01666666666666705
0.029999999999999805
0.06666666666666643
0.08000000000000007
0.06666666666666643
0.029999999999999805
0.02666666666666684
0.029999999999999805
0.05666666666666664
0.0
0.02666666666666684
0.013333333333333197
0.05333333333333323
0.02666666666666684
0.02666666666666684
0.02666666666666684
0.043333333333333446
0.03999999999999959
0.05333333333333323
0.08000000000000007
0.05333333333333323
0.06666666666666643
0.043333333333333446
0.01666666666666705
0.05333333333333323
0.05333333333333323
0.03999999999999959
0.01666666666666705
0.06666666666666643
0.02666666666666684
0.0033333333333334103
0.013333333333333197
0.029999999999999805
0.01666666666666705
0.03999999999999959
0.02666666666666684
0.029999999999999805
-0.013333333333333197
0.05333333333333323
0.06666666666666643
0.013333333333333197
0.03999999999999959
0.01666666666666705
0.06666666666666643
0.043333333333333446
0.06666666666666643
0.02666666666666684
0.02666666666666684
0.01666666666666705
0.08000000000000007
0.06666666666666643
0.029999999999999805
0.029999999999999805
0.02666666666666684
0.029999999999999805
0.03999999999999959
0.05333333333333323
0.05333333333333323
0.03999999999999959
0.09333333333333327
0.06666666666666643
0.08000000000000007
0.06666666666666643
0.029999999999999805
0.03999999999999959
0.0
0.03999999999999959
0.0033333333333334103
0.0
0.013333333333333197
0.02666666666666684
0.029999999999999805
0.02666666666666684
0.0
-0.02666666666666684
0.013333333333333197
0.0
0.02666666666666684
0.03999999999999959
0.03999999999999959
0.02666666666666684
0.02666666666666684
0.08000000000000007
0.03999999999999959
0.06666666666666643
0.029999999999999805
0.02666666666666684
0.01666666666666705
0.06666666666666643
0.09333333333333327
0.0
0.09333333333333327
0.01666666666666705
0.06666666666666643
0.06666666666666643
0.05333333333333323
0.06666666666666643
0.05666666666666664
0.1333333333333333
0.1466666666666665
0.05666666666666664
0.06666666666666643
0.06666666666666643
0.06666666666666643
0.08000000000000007
0.02666666666666684
0.08000000000000007
0.11999999999999966
0.05333333333333323
0.07000000000000028
0.10666666666666691
0.06666666666666643
0.01666666666666705
0.02666666666666684
0.09333333333333327
0.05333333333333323
0.05666666666666664
0.1333333333333333
0.11999999999999966
0.10666666666666691
0.05333333333333323
0.06666666666666643
0.03999999999999959
0.05333333333333323
0.03999999999999959
0.0
0.03999999999999959
0.029999999999999805
0.02666666666666684
0.02666666666666684
0.043333333333333446
0.029999999999999805
0.03999999999999959
0.06666666666666643
0.05333333333333323
0.013333333333333197
0.0
0.0
-0.013333333333333197
0.0
0.0
0.0
0.029999999999999805
0.013333333333333197
0.013333333333333197
0.01666666666666705
0.03999999999999959
0.03999999999999959
0.02666666666666684
0.029999999999999805
0.029999999999999805
0.013333333333333197
0.02666666666666684
0.02666666666666684
0.08000000000000007
-0.009999999999999787
0.0
0.0033333333333334103
-0.02666666666666684
0.0
0.02666666666666684
0.029999999999999805
0.043333333333333446
0.013333333333333197
0.0033333333333334103
0.01666666666666705
0.02666666666666684
0.01666666666666705
0.0
0.02666666666666684
0.03999999999999959
0.03999999999999959
0.02666666666666684
0.03999999999999959
0.029999999999999805
0.01666666666666705
0.08000000000000007
0.08000000000000007
0.046666666666666856
0.013333333333333197
0.043333333333333446
0.10999999999999988
0.033333333333333215
0.043333333333333446
-0.009999999999999787
0.05666666666666664
0.10666666666666691
0.033333333333333215
0.09666666666666623
0.043333333333333446
0.01666666666666705
0.013333333333333197
0.06666666666666643
0.03999999999999959
0.03999999999999959
0.10666666666666691
0.029999999999999805
0.043333333333333446
0.08000000000000007
0.05333333333333323
0.029999999999999805
0.05333333333333323
0.029999999999999805
0.09333333333333327
0.02666666666666684
0.01666666666666705
0.05333333333333323
0.02666666666666684
0.09333333333333327
0.08000000000000007
0.01666666666666705
0.08000000000000007
0.05333333333333323
0.08000000000000007
0.02666666666666684
0.05333333333333323
0.11999999999999966
0.09666666666666623
0.09666666666666623
0.18666666666666698
0.18999999999999995
0.16000000000000014
0.1466666666666665
0.1466666666666665
0.1766666666666663
0.20333333333333314
0.19999999999999973
0.22666666666666657
0.18666666666666698
0.1499999999999999
0.17333333333333334
0.13666666666666671
0.20333333333333314
0.19999999999999973
0.26666666666666705
0.20333333333333314
0.21333333333333337
0.2799999999999998
0.1766666666666663
0.17333333333333334
0.18999999999999995
0.18666666666666698
0.1466666666666665
0.1466666666666665
0.17333333333333334
0.10666666666666691
0.05333333333333323
0.09666666666666623
0.07000000000000028
0.08000000000000007
0.09333333333333327
0.08000000000000007
0.07000000000000028
0.1466666666666665
0.10666666666666691
0.06666666666666643
0.05666666666666664
0.03999999999999959
0.08000000000000007
0.07000000000000028
0.06666666666666643
0.06666666666666643
0.06666666666666643
0.03999999999999959
0.0033333333333334103
0.02666666666666684
0.029999999999999805
0.043333333333333446
0.029999999999999805
0.07000000000000028
0.03999999999999959
0.02666666666666684
0.09333333333333327
0.01666666666666705
0.05333333333333323
0.03999999999999959
0.05333333333333323
0.01666666666666705
0.0033333333333334103
0.06666666666666643
0.0
0.03999999999999959
0.02666666666666684
0.01666666666666705
0.029999999999999805
0.05666666666666664
0.11999999999999966
0.05333333333333323
0.05666666666666664
0.05666666666666664
0.029999999999999805
0.029999999999999805
0.0066666666666663765
0.08333333333333348
0.07000000000000028
0.05666666666666664
0.0033333333333334103
0.05333333333333323
0.03999999999999959
0.03999999999999959
0.09333333333333327
0.02666666666666684
0.02666666666666684
0.02666666666666684
0.043333333333333446
0.08000000000000007
0.03999999999999959
0.03999999999999959
0.0
0.01666666666666705
-0.009999999999999787
0.06666666666666643
0.02666666666666684
0.0
0.013333333333333197
0.03999999999999959
0.013333333333333197
-0.009999999999999787
0.0
0.029999999999999805
0.0
0.0
0.013333333333333197
0.03999999999999959
0.05333333333333323
0.01666666666666705
0.029999999999999805
0.02666666666666684
0.043333333333333446
0.09333333333333327
0.02666666666666684
0.05666666666666664
0.10666666666666691
0.06666666666666643
0.09333333333333327
0.02666666666666684
0.0033333333333334103
0.03999999999999959
0.03999999999999959
0.03999999999999959
0.02666666666666684
0.0033333333333334103
0.03999999999999959
0.03999999999999959
0.02666666666666684
0.06666666666666643
0.043333333333333446
0.043333333333333446
0.05333333333333323
0.03999999999999959
0.08000000000000007
0.043333333333333446
0.08000000000000007
0.10666666666666691
0.09333333333333327
0.05333333333333323
0.0
0.029999999999999805
0.043333333333333446
0.043333333333333446
0.06666666666666643
0.05666666666666664
0.029999999999999805
0.06666666666666643
0.07000000000000028
0.08000000000000007
0.08000000000000007
0.09333333333333327
0.06666666666666643
0.06666666666666643
0.029999999999999805
0.013333333333333197
0.06666666666666643
0.06666666666666643
0.043333333333333446
0.08000000000000007
0.06666666666666643
0.05666666666666664
0.08000000000000007
0.03999999999999959
0.06666666666666643
0.05333333333333323
0.05333333333333323
0.06666666666666643
0.02666666666666684
0.05333333333333323
0.05666666666666664
0.02666666666666684
0.08000000000000007
0.043333333333333446
0.029999999999999805
0.033333333333333215
0.029999999999999805
0.08333333333333348
0.08333333333333348
0.08000000000000007
0.11999999999999966
0.09333333333333327
0.07000000000000028
0.029999999999999805
0.11999999999999966
0.029999999999999805
0.08000000000000007
0.03999999999999959
0.029999999999999805
0.02666666666666684
0.043333333333333446
0.05333333333333323
0.03999999999999959
0.06666666666666643
0.0
0.013333333333333197
0.029999999999999805
0.03999999999999959
0.03999999999999959
0.0033333333333334103
0.05333333333333323
0.01666666666666705
0.06666666666666643
0.029999999999999805
0.0
0.03999999999999959
0.01666666666666705
0.08000000000000007
0.09333333333333327
0.06666666666666643
0.06666666666666643
0.03999999999999959
0.05333333333333323
0.06666666666666643
0.05666666666666664
0.06666666666666643
0.09333333333333327
0.08333333333333348
0.043333333333333446
0.08333333333333348
0.06666666666666643
0.08000000000000007
0.10666666666666691
0.03999999999999959
0.08333333333333348
0.03999999999999959
0.1466666666666665
0.09333333333333327
0.03999999999999959
0.11999999999999966
0.07000000000000028
0.043333333333333446
0.07000000000000028
0.10666666666666691
0.02666666666666684
0.08000000000000007
0.09333333333333327
0.06666666666666643
0.06666666666666643
0.05666666666666664
0.11999999999999966
0.06666666666666643
0.09333333333333327
0.02666666666666684
0.013333333333333197
0.05666666666666664
0.013333333333333197
0.02666666666666684
0.08000000000000007
0.09333333333333327
0.09333333333333327
0.02666666666666684
0.01666666666666705
0.01666666666666705
0.05333333333333323
0.03999999999999959
0.01666666666666705
0.05333333333333323
0.03999999999999959
0.02666666666666684
0.06666666666666643
0.05333333333333323
0.01666666666666705
0.043333333333333446
0.06666666666666643
0.06666666666666643
0.03999999999999959
0.043333333333333446
0.013333333333333197
0.03999999999999959
0.03999999999999959
0.02666666666666684
-0.02666666666666684
0.05666666666666664
0.013333333333333197
0.01666666666666705
0.02666666666666684
0.043333333333333446
0.06666666666666643
0.0
0.01666666666666705
0.08000000000000007
0.0033333333333334103
0.01666666666666705
0.029999999999999805
0.05333333333333323
0.03999999999999959
0.05333333333333323
0.029999999999999805
0.02666666666666684
0.11999999999999966
0.01666666666666705
0.0
0.05666666666666664
0.06666666666666643
0.043333333333333446
0.06666666666666643
0.10666666666666691
0.03999999999999959
0.02666666666666684
0.09333333333333327
0.06666666666666643
0.06666666666666643
0.07000000000000028
0.09333333333333327
0.029999999999999805
0.03999999999999959
0.05666666666666664
0.08000000000000007
0.09333333333333327
0.09666666666666623
0.05333333333333323
0.013333333333333197
0.029999999999999805
0.01666666666666705
0.08000000000000007
0.02666666666666684
0.01666666666666705
0.05333333333333323
0.02666666666666684
0.0
0.029999999999999805
0.013333333333333197
0.02666666666666684
0.01666666666666705
-0.009999999999999787
0.02666666666666684
0.05333333333333323
0.0033333333333334103
0.08000000000000007
0.013333333333333197
0.05666666666666664
0.05333333333333323
0.03999999999999959
0.05333333333333323
0.02666666666666684
0.11999999999999966
-0.009999999999999787
0.08000000000000007
0.02666666666666684
0.05333333333333323
0.05333333333333323
0.09333333333333327
