0.15666666666666673
0.11333333333333329
0.3966666666666665
0.45333333333333314
0.5099999999999998
0.13666666666666671
0.6133333333333333
0.41999999999999993
0.45666666666666655
0.33000000000000007
0.6533333333333338
0.6666666666666665
0.516666666666667
0.9299999999999997
0.5133333333333332
0.7400000000000002
0.4933333333333336
0.5399999999999996
0.69
0.6999999999999997
0.7466666666666666
0.6799999999999997
0.7133333333333334
0.8333333333333335
0.8300000000000001
0.4866666666666668
0.7133333333333334
0.516666666666667
0.3500000000000001
0.5066666666666664
0.29333333333333345
0.3933333333333331
0.8533333333333335
0.5433333333333334
0.5
0.5899999999999999
0.6000000000000001
0.5766666666666667
0.44999999999999973
0.44333333333333336
0.6133333333333333
0.6733333333333333
0.47666666666666657
0.3666666666666667
0.34666666666666623
0.4633333333333334
0.75
0.4900000000000002
0.4633333333333334
0.27666666666666684
0.6699999999999999
0.8433333333333333
0.7633333333333332
0.9199999999999999
0.8500000000000001
0.6799999999999997
0.8999999999999999
1.1166666666666663
1.1166666666666663
1.0566666666666666
0.7799999999999998
0.5733333333333337
0.7100000000000004
0.8866666666666667
0.6133333333333333
0.8900000000000001
0.8333333333333335
0.48333333333333295
0.6666666666666665
0.686666666666667
0.6000000000000001
0.7433333333333336
0.7100000000000004
0.8266666666666667
0.8699999999999997
0.9566666666666666
1.0533333333333337
0.8866666666666667
0.9299999999999997
0.9900000000000002
0.5733333333333337
0.3966666666666665
0.6933333333333334
0.7200000000000002
0.8566666666666669
0.8599999999999999
0.7799999999999998
0.7400000000000002
0.5700000000000003
0.8466666666666662
0.6933333333333334
0.6600000000000001
0.6166666666666667
0.6933333333333334
0.41000000000000014
0.6199999999999997
0.6033333333333335
0.7400000000000002
0.6633333333333336
0.6499999999999999
0.30666666666666664
0.2366666666666668
0.3233333333333337
0.436666666666667
0.5299999999999998
0.3233333333333337
0.40666666666666673
0.43333333333333357
0.23333333333333295
0.516666666666667
0.44666666666666677
0.40333333333333377
0.41000000000000014
0.47333333333333316
0.33666666666666645
0.5666666666666664
0.4600000000000004
0.5366666666666666
0.5700000000000003
0.4933333333333336
0.4633333333333334
0.3666666666666667
0.17999999999999972
0.3666666666666667
0.20333333333333314
0.3733333333333331
0.2799999999999998
0.31666666666666643
0.4600000000000004
0.32666666666666666
0.30666666666666664
0.08333333333333348
0.08333333333333348
0.1166666666666667
0.10000000000000009
0.0733333333333337
0.2366666666666668
0.1466666666666665
0.08000000000000007
0.2400000000000002
0.2466666666666666
0.15333333333333377
0.16666666666666652
0.09666666666666623
0.0
0.03999999999999959
0.11333333333333329
0.13666666666666671
0.06333333333333302
0.30000000000000027
0.06666666666666643
0.050000000000000266
0.11999999999999966
0.12333333333333307
0.1766666666666663
0.16333333333333355
0.08999999999999986
0.20666666666666655
0.1466666666666665
0.08999999999999986
0.18333333333333357
0.14000000000000012
0.19666666666666677
0.23333333333333295
0.12333333333333307
0.029999999999999805
0.033333333333333215
0.046666666666666856
0.07666666666666666
0.09666666666666623
0.06333333333333302
0.07666666666666666
0.10000000000000009
0.033333333333333215
0.18999999999999995
0.14000000000000012
0.10000000000000009
0.09333333333333327
0.08999999999999986
0.023333333333333428
0.1033333333333335
0.10000000000000009
0.08000000000000007
0.029999999999999805
0.09666666666666623
0.009999999999999787
0.11999999999999966
-0.029999999999999805
0.10000000000000009
0.050000000000000266
0.11333333333333329
0.06333333333333302
0.09333333333333327
0.036666666666666625
0.009999999999999787
0.1433333333333331
0.08333333333333348
0.06333333333333302
-0.01666666666666705
0.046666666666666856
0.05666666666666664
0.08333333333333348
-0.020000000000000018
-0.01666666666666705
0.01666666666666705
0.12333333333333307
-0.009999999999999787
-0.05666666666666664
0.05333333333333323
0.023333333333333428
0.08000000000000007
0.1166666666666667
0.05666666666666664
0.08333333333333348
0.13666666666666671
0.16333333333333355
0.10000000000000009
0.1333333333333333
0.0733333333333337
0.1466666666666665
0.12333333333333307
0.1466666666666665
0.18999999999999995
0.12666666666666693
0.1766666666666663
0.10000000000000009
0.01666666666666705
0.1333333333333333
0.11999999999999966
0.10000000000000009
0.12333333333333307
0.09666666666666623
0.21333333333333337
0.08000000000000007
0.043333333333333446
0.15333333333333377
0.1466666666666665
0.11999999999999966
0.09666666666666623
0.16000000000000014
0.09666666666666623
0.10000000000000009
0.09666666666666623
0.05666666666666664
0.11999999999999966
0.01666666666666705
0.0033333333333334103
-0.020000000000000018
-0.050000000000000266
0.0033333333333334103
0.08000000000000007
0.046666666666666856
-0.0033333333333334103
0.043333333333333446
0.10000000000000009
0.009999999999999787
0.020000000000000018
0.11333333333333329
0.1333333333333333
0.05333333333333323
0.06000000000000005
0.033333333333333215
-0.06666666666666643
0.03999999999999959
0.050000000000000266
-0.009999999999999787
0.05666666666666664
-0.02666666666666684
0.2466666666666666
0.13000000000000034
0.1766666666666663
0.046666666666666856
0.12666666666666693
0.08666666666666645
0.15666666666666673
0.11333333333333329
0.24333333333333362
0.13666666666666671
0.08999999999999986
0.08999999999999986
0.08333333333333348
0.06333333333333302
0.16333333333333355
0.1033333333333335
0.1166666666666667
0.12333333333333307
0.12333333333333307
0.08000000000000007
0.10000000000000009
0.06333333333333302
0.08999999999999986
0.0066666666666663765
0.10666666666666691
0.050000000000000266
0.020000000000000018
0.023333333333333428
0.0733333333333337
0.06333333333333302
0.18999999999999995
0.013333333333333197
0.06000000000000005
0.013333333333333197
0.06333333333333302
0.009999999999999787
0.020000000000000018
0.02666666666666684
0.009999999999999787
0.009999999999999787
-0.0066666666666663765
0.1499999999999999
0.05333333333333323
0.05666666666666664
0.05333333333333323
0.05666666666666664
0.050000000000000266
-0.0066666666666663765
-0.029999999999999805
-0.050000000000000266
0.10000000000000009
0.029999999999999805
0.020000000000000018
0.050000000000000266
0.14000000000000012
-0.08666666666666645
0.009999999999999787
0.05333333333333323
-0.02666666666666684
0.033333333333333215
-0.01666666666666705
0.020000000000000018
-0.046666666666666856
0.023333333333333428
0.029999999999999805
0.050000000000000266
-0.009999999999999787
0.03999999999999959
0.033333333333333215
0.10999999999999988
-0.02666666666666684
0.06000000000000005
0.009999999999999787
0.029999999999999805
0.0066666666666663765
0.06000000000000005
0.05666666666666664
0.14000000000000012
0.10999999999999988
0.11333333333333329
0.06000000000000005
0.08999999999999986
-0.02666666666666684
0.08000000000000007
0.043333333333333446
0.013333333333333197
-0.023333333333333428
0.06333333333333302
0.013333333333333197
-0.0066666666666663765
0.01666666666666705
0.0033333333333334103
-0.06000000000000005
0.029999999999999805
0.023333333333333428
-0.036666666666666625
0.020000000000000018
0.1033333333333335
-0.03999999999999959
0.013333333333333197
-0.020000000000000018
0.0
-0.08000000000000007
0.023333333333333428
-0.029999999999999805
-0.009999999999999787
-0.009999999999999787
-0.009999999999999787
0.0
0.020000000000000018
0.0
-0.0033333333333334103
0.08999999999999986
0.0733333333333337
0.023333333333333428
0.033333333333333215
0.033333333333333215
0.009999999999999787
0.050000000000000266
0.013333333333333197
0.0733333333333337
0.08999999999999986
0.06000000000000005
0.1033333333333335
-0.0033333333333334103
-0.02666666666666684
-0.029999999999999805
0.029999999999999805
0.020000000000000018
0.06000000000000005
0.009999999999999787
0.11999999999999966
-0.0066666666666663765
0.01666666666666705
-0.046666666666666856
0.10999999999999988
0.020000000000000018
0.06666666666666643
0.05666666666666664
0.16000000000000014
0.033333333333333215
0.06000000000000005
0.02666666666666684
0.029999999999999805
0.020000000000000018
-0.0066666666666663765
-0.009999999999999787
0.05666666666666664
0.0033333333333334103
0.07000000000000028
0.0
0.11999999999999966
0.050000000000000266
0.15666666666666673
0.033333333333333215
0.043333333333333446
0.013333333333333197
0.0066666666666663765
0.05333333333333323
0.020000000000000018
0.013333333333333197
0.0066666666666663765
-0.029999999999999805
0.07000000000000028
0.08999999999999986
-0.01666666666666705
0.009999999999999787
0.023333333333333428
-0.036666666666666625
0.046666666666666856
0.0066666666666663765
0.043333333333333446
0.029999999999999805
0.06000000000000005
0.10000000000000009
0.16333333333333355
0.02666666666666684
0.01666666666666705
-0.009999999999999787
0.1033333333333335
0.07000000000000028
0.043333333333333446
0.01666666666666705
0.033333333333333215
0.05666666666666664
-0.0733333333333337
-0.0733333333333337
0.1033333333333335
0.023333333333333428
-0.036666666666666625
0.033333333333333215
-0.036666666666666625
-0.0066666666666663765
0.0033333333333334103
-0.009999999999999787
0.07000000000000028
-0.02666666666666684
0.06333333333333302
0.0033333333333334103
-0.1166666666666667
0.0
0.023333333333333428
-0.029999999999999805
0.0033333333333334103
0.013333333333333197
-0.06666666666666643
0.0
-0.043333333333333446
0.0033333333333334103
-0.06000000000000005
-0.009999999999999787
-0.01666666666666705
-0.029999999999999805
-0.0066666666666663765
-0.020000000000000018
-0.0066666666666663765
0.029999999999999805
0.07000000000000028
0.009999999999999787
0.11333333333333329
0.06000000000000005
-0.009999999999999787
0.0
0.043333333333333446
-0.0066666666666663765
0.050000000000000266
-0.020000000000000018
-0.050000000000000266
0.0
0.0033333333333334103
0.0
0.020000000000000018
0.020000000000000018
0.10000000000000009
0.06333333333333302
0.009999999999999787
0.029999999999999805
0.03999999999999959
0.08000000000000007
-0.046666666666666856
-0.036666666666666625
0.020000000000000018
-0.0066666666666663765
-0.036666666666666625
-0.0066666666666663765
0.0
-0.08999999999999986
0.0
-0.03999999999999959
-0.06000000000000005
-0.08999999999999986
-0.09666666666666623
-0.05333333333333323
-0.043333333333333446
-0.036666666666666625
-0.07666666666666666
-0.11333333333333329
-0.08000000000000007
-0.08000000000000007
-0.029999999999999805
-0.020000000000000018
0.0
-0.07000000000000028
-0.050000000000000266
-0.046666666666666856
0.013333333333333197
-0.009999999999999787
-0.06000000000000005
0.029999999999999805
0.07000000000000028
-0.029999999999999805
-0.009999999999999787
-0.06666666666666643
-0.0033333333333334103
0.0033333333333334103
0.0
0.029999999999999805
0.009999999999999787
0.009999999999999787
-0.03999999999999959
-0.05666666666666664
-0.08999999999999986
0.08000000000000007
-0.07000000000000028
-0.029999999999999805
-0.046666666666666856
0.0033333333333334103
-0.036666666666666625
-0.020000000000000018
-0.03999999999999959
-0.07666666666666666
-0.08999999999999986
-0.10000000000000009
0.06000000000000005
-0.03999999999999959
0.07000000000000028
-0.020000000000000018
-0.009999999999999787
-0.06000000000000005
-0.01666666666666705
-0.06000000000000005
-0.03999999999999959
-0.07000000000000028
-0.029999999999999805
0.1499999999999999
-0.0066666666666663765
-0.03999999999999959
-0.0066666666666663765
0.020000000000000018
0.09333333333333327
0.013333333333333197
-0.01666666666666705
0.03999999999999959
0.029999999999999805
-0.009999999999999787
0.020000000000000018
0.07000000000000028
-0.009999999999999787
-0.02666666666666684
-0.05666666666666664
-0.07666666666666666
0.0066666666666663765
0.0066666666666663765
0.0
-0.07000000000000028
0.01666666666666705
0.013333333333333197
0.023333333333333428
-0.02666666666666684
0.0733333333333337
-0.05666666666666664
0.013333333333333197
0.0
0.03999999999999959
0.01666666666666705
0.13000000000000034
0.11999999999999966
0.06000000000000005
0.06000000000000005
0.020000000000000018
-0.009999999999999787
-0.046666666666666856
-0.03999999999999959
0.0
0.07000000000000028
0.11999999999999966
-0.020000000000000018
-0.06000000000000005
0.009999999999999787
0.009999999999999787
-0.01666666666666705
0.013333333333333197
-0.0733333333333337
0.050000000000000266
0.020000000000000018
-0.1166666666666667
-0.08999999999999986
-0.05333333333333323
0.0033333333333334103
0.0
-0.013333333333333197
-0.0066666666666663765
-0.020000000000000018
-0.06666666666666643
-0.033333333333333215
-0.12666666666666693
-0.10999999999999988
0.013333333333333197
-0.11999999999999966
-0.08000000000000007
-0.07666666666666666
-0.029999999999999805
-0.033333333333333215
-0.09333333333333327
-0.07000000000000028
-0.05666666666666664
-0.0066666666666663765
-0.0066666666666663765
0.023333333333333428
-0.1166666666666667
-0.06000000000000005
-0.046666666666666856
-0.046666666666666856
-0.03999999999999959
0.06333333333333302
0.08999999999999986
-0.020000000000000018
0.023333333333333428
-0.03999999999999959
-0.046666666666666856
-0.11999999999999966
-0.10999999999999988
-0.11999999999999966
-0.10000000000000009
0.02666666666666684
-0.033333333333333215
0.033333333333333215
0.009999999999999787
-0.01666666666666705
-0.06666666666666643
0.06333333333333302
-0.050000000000000266
0.11333333333333329
0.1166666666666667
0.06666666666666643
0.10000000000000009
0.0066666666666663765
0.09333333333333327
0.13000000000000034
0.2100000000000004
0.21666666666666679
0.21666666666666679
0.19333333333333336
0.1766666666666663
0.16000000000000014
0.2400000000000002
0.19999999999999973
0.16666666666666652
0.20333333333333314
0.08999999999999986
0.10000000000000009
0.05666666666666664
0.13666666666666671
0.036666666666666625
0.17333333333333334
0.17999999999999972
0.20333333333333314
0.15333333333333377
0.050000000000000266
0.16999999999999993
0.009999999999999787
0.043333333333333446
0.16000000000000014
0.08666666666666645
0.08333333333333348
0.09333333333333327
0.10999999999999988
0.06666666666666643
0.033333333333333215
-0.033333333333333215
-0.023333333333333428
-0.06666666666666643
0.0
-0.08000000000000007
0.0
-0.050000000000000266
-0.050000000000000266
-0.07666666666666666
-0.07666666666666666
-0.06666666666666643
-0.12666666666666693
-0.06000000000000005
-0.10999999999999988
-0.046666666666666856
-0.12333333333333307
-0.10000000000000009
-0.13000000000000034
-0.10666666666666691
-0.08666666666666645
-0.05666666666666664
-0.16000000000000014
-0.14000000000000012
-0.13000000000000034
-0.08999999999999986
-0.17999999999999972
-0.08666666666666645
-0.08000000000000007
-0.03999999999999959
-0.06000000000000005
-0.046666666666666856
-0.050000000000000266
0.029999999999999805
-0.10999999999999988
-0.06000000000000005
-0.1166666666666667
-0.02666666666666684
-0.050000000000000266
0.013333333333333197
-0.043333333333333446
-0.06666666666666643
-0.03999999999999959
0.0066666666666663765
0.043333333333333446
-0.05333333333333323
0.03999999999999959
0.05333333333333323
0.03999999999999959
0.08000000000000007
0.27333333333333343
0.10000000000000009
0.07000000000000028
0.06000000000000005
0.1499999999999999
0.050000000000000266
0.05666666666666664
0.020000000000000018
0.009999999999999787
-0.046666666666666856
0.050000000000000266
0.11999999999999966
0.08333333333333348
0.09333333333333327
0.050000000000000266
0.029999999999999805
0.11999999999999966
0.043333333333333446
0.22999999999999998
0.05333333333333323
0.06666666666666643
0.09333333333333327
0.10000000000000009
-0.0066666666666663765
0.16333333333333355
0.03999999999999959
0.14000000000000012
0.1466666666666665
0.033333333333333215
0.1333333333333333
0.029999999999999805
0.033333333333333215
-0.02666666666666684
0.0066666666666663765
0.10999999999999988
0.07000000000000028
0.16000000000000014
0.013333333333333197
0.03999999999999959
0.08000000000000007
0.10666666666666691
0.10999999999999988
0.21333333333333337
0.08333333333333348
-0.043333333333333446
0.06666666666666643
0.05666666666666664
0.05333333333333323
0.01666666666666705
0.043333333333333446
-0.023333333333333428
0.16000000000000014
0.043333333333333446
0.1333333333333333
0.09333333333333327
0.1333333333333333
0.0033333333333334103
0.043333333333333446
0.03999999999999959
0.09666666666666623
-0.023333333333333428
0.01666666666666705
0.05333333333333323
0.0733333333333337
0.08333333333333348
0.1333333333333333
0.18666666666666698
0.03999999999999959
0.21333333333333337
0.11999999999999966
0.046666666666666856
0.013333333333333197
0.009999999999999787
0.08333333333333348
0.03999999999999959
0.2200000000000002
0.13666666666666671
0.10999999999999988
0.07000000000000028
0.15333333333333377
0.1033333333333335
0.08000000000000007
-0.029999999999999805
0.16000000000000014
0.18333333333333357
0.2400000000000002
0.03999999999999959
0.05333333333333323
0.1433333333333331
0.18333333333333357
0.11333333333333329
0.11999999999999966
0.10999999999999988
0.08000000000000007
0.0733333333333337
-0.05666666666666664
0.09333333333333327
0.08999999999999986
0.0
0.03999999999999959
0.023333333333333428
0.0
0.1033333333333335
0.17333333333333334
0.15666666666666673
0.03999999999999959
0.03999999999999959
0.03999999999999959
0.03999999999999959
0.08333333333333348
0.043333333333333446
0.02666666666666684
0.10000000000000009
0.05333333333333323
0.033333333333333215
0.11999999999999966
-0.0066666666666663765
0.20333333333333314
0.21333333333333337
0.0
0.16333333333333355
0.033333333333333215
0.09333333333333327
0.08333333333333348
0.03999999999999959
0.0033333333333334103
0.08000000000000007
0.10999999999999988
0.05333333333333323
0.1333333333333333
0.03999999999999959
0.0066666666666663765
0.07000000000000028
0.11999999999999966
0.029999999999999805
0.07000000000000028
0.029999999999999805
0.10666666666666691
0.1333333333333333
0.16000000000000014
0.013333333333333197
0.17333333333333334
0.11999999999999966
0.1499999999999999
0.11999999999999966
0.10999999999999988
0.10999999999999988
0.009999999999999787
0.06000000000000005
0.020000000000000018
0.08333333333333348
0.13666666666666671
0.043333333333333446
0.03999999999999959
0.033333333333333215
0.050000000000000266
0.05333333333333323
0.08000000000000007
0.050000000000000266
0.1433333333333331
0.16000000000000014
0.09333333333333327
0.18333333333333357
0.13000000000000034
0.1333333333333333
0.1033333333333335
0.1033333333333335
0.19333333333333336
0.12666666666666693
0.17999999999999972
0.2200000000000002
0.11333333333333329
0.13666666666666671
0.08333333333333348
0.11333333333333329
0.18999999999999995
0.20666666666666655
0.17333333333333334
0.10999999999999988
0.17999999999999972
0.07666666666666666
0.17999999999999972
0.050000000000000266
0.1433333333333331
0.03999999999999959
0.0733333333333337
0.16333333333333355
0.1166666666666667
0.16999999999999993
0.1033333333333335
0.23333333333333295
0.2533333333333334
0.1499999999999999
0.15666666666666673
0.11333333333333329
0.13666666666666671
0.1333333333333333
0.13000000000000034
0.023333333333333428
0.013333333333333197
0.06000000000000005
0.050000000000000266
0.06333333333333302
0.050000000000000266
-0.036666666666666625
0.050000000000000266
0.05333333333333323
0.046666666666666856
-0.050000000000000266
0.013333333333333197
0.046666666666666856
-0.01666666666666705
0.11333333333333329
0.0033333333333334103
0.0033333333333334103
0.050000000000000266
-0.01666666666666705
0.046666666666666856
-0.029999999999999805
0.10999999999999988
-0.046666666666666856
-0.029999999999999805
-0.009999999999999787
0.0033333333333334103
0.08333333333333348
0.020000000000000018
0.0033333333333334103
-0.10000000000000009
0.0
-0.01666666666666705
-0.07666666666666666
-0.009999999999999787
-0.02666666666666684
-0.050000000000000266
-0.023333333333333428
0.07000000000000028
0.08000000000000007
-0.009999999999999787
0.08999999999999986
-0.043333333333333446
-0.009999999999999787
-0.046666666666666856
0.029999999999999805
-0.023333333333333428
-0.046666666666666856
-0.07000000000000028
-0.09666666666666623
-0.06000000000000005
0.023333333333333428
0.13000000000000034
0.020000000000000018
-0.020000000000000018
-0.036666666666666625
0.07000000000000028
-0.046666666666666856
-0.07000000000000028
-0.0066666666666663765
0.0033333333333334103
-0.09666666666666623
-0.009999999999999787
-0.046666666666666856
-0.036666666666666625
-0.08999999999999986
-0.08999999999999986
0.08000000000000007
0.009999999999999787
0.023333333333333428
-0.05333333333333323
-0.02666666666666684
0.009999999999999787
0.033333333333333215
0.020000000000000018
-0.05333333333333323
-0.05666666666666664
-0.03999999999999959
0.029999999999999805
0.08000000000000007
0.050000000000000266
0.050000000000000266
0.03999999999999959
0.07000000000000028
0.0
-0.050000000000000266
-0.023333333333333428
-0.009999999999999787
-0.036666666666666625
0.03999999999999959
-0.036666666666666625
0.11999999999999966
0.0733333333333337
0.020000000000000018
-0.05666666666666664
0.020000000000000018
0.020000000000000018
0.029999999999999805
0.06000000000000005
0.0033333333333334103
0.10666666666666691
0.03999999999999959
0.020000000000000018
-0.009999999999999787
0.12333333333333307
0.0033333333333334103
0.050000000000000266
0.023333333333333428
-0.020000000000000018
0.009999999999999787
0.08999999999999986
0.050000000000000266
-0.023333333333333428
0.06000000000000005
0.07000000000000028
0.013333333333333197
-0.050000000000000266
0.009999999999999787
-0.07000000000000028
0.0733333333333337
0.0
0.009999999999999787
-0.02666666666666684
0.020000000000000018
0.043333333333333446
-0.046666666666666856
-0.08000000000000007
-0.08000000000000007
0.020000000000000018
-0.023333333333333428
-0.050000000000000266
-0.029999999999999805
-0.013333333333333197
-0.029999999999999805
-0.06000000000000005
-0.07666666666666666
-0.009999999999999787
0.043333333333333446
-0.07000000000000028
-0.050000000000000266
-0.029999999999999805
-0.06666666666666643
-0.08999999999999986
-0.05666666666666664
-0.05666666666666664
0.08000000000000007
-0.009999999999999787
-0.009999999999999787
-0.08666666666666645
0.10000000000000009
0.0066666666666663765
-0.023333333333333428
0.06666666666666643
0.08999999999999986
0.10000000000000009
0.1433333333333331
0.10000000000000009
0.0733333333333337
0.03999999999999959
0.13000000000000034
-0.02666666666666684
0.08999999999999986
0.009999999999999787
0.033333333333333215
0.020000000000000018
-0.0066666666666663765
0.05333333333333323
0.07000000000000028
0.01666666666666705
-0.07666666666666666
-0.01666666666666705
-0.020000000000000018
0.06000000000000005
0.09333333333333327
0.020000000000000018
-0.05666666666666664
-0.01666666666666705
-0.029999999999999805
-0.05666666666666664
0.03999999999999959
-0.0066666666666663765
-0.10666666666666691
-0.05666666666666664
-0.07000000000000028
-0.03999999999999959
0.023333333333333428
-0.050000000000000266
-0.050000000000000266
-0.08000000000000007
-0.06666666666666643
-0.07000000000000028
-0.10999999999999988
-0.10666666666666691
-0.029999999999999805
0.020000000000000018
-0.06000000000000005
-0.06666666666666643
-0.18666666666666698
-0.02666666666666684
0.020000000000000018
-0.10000000000000009
-0.029999999999999805
0.033333333333333215
-0.10999999999999988
-0.1466666666666665
-0.10999999999999988
-0.08666666666666645
-0.029999999999999805
0.029999999999999805
-0.08000000000000007
-0.046666666666666856
-0.08000000000000007
-0.10999999999999988
-0.01666666666666705
-0.10666666666666691
0.013333333333333197
-0.009999999999999787
-0.046666666666666856
0.029999999999999805
-0.01666666666666705
0.009999999999999787
-0.009999999999999787
-0.06666666666666643
-0.1166666666666667
-0.036666666666666625
0.029999999999999805
-0.10666666666666691
-0.1466666666666665
-0.13000000000000034
-0.12666666666666693
-0.07666666666666666
-0.16000000000000014
-0.16000000000000014
-0.1466666666666665
-0.22666666666666657
-0.1499999999999999
-0.19999999999999973
-0.15666666666666673
-0.10000000000000009
-0.1166666666666667
-0.12666666666666693
-0.19333333333333336
-0.14000000000000012
-0.1499999999999999
-0.08666666666666645
-0.06666666666666643
-0.02666666666666684
-0.07000000000000028
-0.036666666666666625
0.0
-0.11999999999999966
-0.07000000000000028
-0.13000000000000034
-0.043333333333333446
-0.08000000000000007
-0.19999999999999973
-0.1499999999999999
-0.14000000000000012
-0.15666666666666673
-0.050000000000000266
-0.1166666666666667
-0.08000000000000007
-0.02666666666666684
-0.16000000000000014
-0.11999999999999966
0.0
-0.05666666666666664
-0.08999999999999986
-0.029999999999999805
-0.06666666666666643
-0.12333333333333307
-0.08000000000000007
0.0
-0.18999999999999995
-0.11999999999999966
-0.14000000000000012
-0.16666666666666652
-0.17999999999999972
-0.26666666666666705
-0.06666666666666643
-0.15666666666666673
-0.10999999999999988
-0.036666666666666625
-0.18666666666666698
-0.08999999999999986
-0.2100000000000004
-0.07000000000000028
-0.07666666666666666
-0.1766666666666663
-0.14000000000000012
-0.13666666666666671
-0.07000000000000028
-0.08999999999999986
-0.12666666666666693
-0.10000000000000009
-0.08999999999999986
-0.1433333333333331
-0.17999999999999972
-0.1499999999999999
-0.13666666666666671
-0.046666666666666856
-0.10000000000000009
0.036666666666666625
-0.020000000000000018
0.0033333333333334103
0.0
-0.08333333333333348
0.050000000000000266
0.029999999999999805
0.06000000000000005
0.029999999999999805
0.02666666666666684
-0.020000000000000018
0.15666666666666673
0.03999999999999959
0.033333333333333215
-0.03999999999999959
0.0033333333333334103
-0.02666666666666684
-0.07000000000000028
0.020000000000000018
-0.020000000000000018
-0.023333333333333428
0.06666666666666643
0.029999999999999805
0.13000000000000034
0.023333333333333428
0.0033333333333334103
0.020000000000000018
0.050000000000000266
0.023333333333333428
0.07000000000000028
0.029999999999999805
-0.0033333333333334103
0.029999999999999805
0.020000000000000018
0.10999999999999988
0.08000000000000007
0.02666666666666684
0.06333333333333302
0.029999999999999805
0.11333333333333329
0.02666666666666684
-0.03999999999999959
0.09333333333333327
0.023333333333333428
-0.046666666666666856
0.05666666666666664
0.043333333333333446
0.033333333333333215
0.029999999999999805
0.10666666666666691
0.09333333333333327
0.06000000000000005
0.08333333333333348
0.046666666666666856
0.029999999999999805
0.08666666666666645
0.0733333333333337
0.1333333333333333
0.18999999999999995
0.1766666666666663
0.1766666666666663
0.1466666666666665
0.08333333333333348
0.1766666666666663
0.34666666666666623
0.29666666666666686
0.3599999999999999
0.30000000000000027
0.26666666666666705
0.17999999999999972
0.20333333333333314
0.24333333333333362
0.29333333333333345
0.18999999999999995
0.2799999999999998
0.22999999999999998
0.18333333333333357
0.24333333333333362
0.3766666666666669
0.21333333333333337
0.2566666666666664
0.18333333333333357
0.1766666666666663
0.18999999999999995
0.1466666666666665
0.05666666666666664
0.09666666666666623
0.12666666666666693
0.15333333333333377
0.16000000000000014
0.1466666666666665
0.06000000000000005
0.0733333333333337
0.05666666666666664
0.16333333333333355
0.08333333333333348
0.08666666666666645
0.03999999999999959
0.07000000000000028
0.1466666666666665
0.10666666666666691
0.09333333333333327
0.07000000000000028
0.06333333333333302
0.023333333333333428
-0.013333333333333197
0.036666666666666625
-0.013333333333333197
-0.013333333333333197
0.1499999999999999
0.046666666666666856
0.023333333333333428
0.10999999999999988
-0.020000000000000018
-0.033333333333333215
0.029999999999999805
0.01666666666666705
0.05333333333333323
0.06666666666666643
0.21666666666666679
0.05666666666666664
0.06666666666666643
0.11999999999999966
0.043333333333333446
0.06000000000000005
-0.0033333333333334103
0.029999999999999805
-0.01666666666666705
0.0733333333333337
0.0733333333333337
0.02666666666666684
-0.009999999999999787
0.06666666666666643
0.050000000000000266
0.06333333333333302
0.009999999999999787
0.050000000000000266
0.020000000000000018
0.046666666666666856
0.036666666666666625
0.046666666666666856
-0.0033333333333334103
0.013333333333333197
0.0733333333333337
0.033333333333333215
-0.0066666666666663765
0.07666666666666666
0.02666666666666684
0.046666666666666856
-0.01666666666666705
-0.0033333333333334103
0.046666666666666856
0.023333333333333428
-0.020000000000000018
0.046666666666666856
0.020000000000000018
0.05666666666666664
-0.0033333333333334103
0.06000000000000005
0.046666666666666856
0.0733333333333337
0.09666666666666623
0.07000000000000028
0.033333333333333215
0.08666666666666645
-0.03999999999999959
0.033333333333333215
0.01666666666666705
0.01666666666666705
0.046666666666666856
-0.02666666666666684
0.08666666666666645
0.06000000000000005
-0.046666666666666856
0.023333333333333428
-0.033333333333333215
-0.036666666666666625
-0.023333333333333428
0.029999999999999805
-0.036666666666666625
-0.01666666666666705
-0.05333333333333323
-0.0733333333333337
-0.01666666666666705
-0.02666666666666684
-0.08000000000000007
-0.043333333333333446
0.029999999999999805
0.0066666666666663765
0.029999999999999805
0.09666666666666623
0.03999999999999959
0.046666666666666856
0.07000000000000028
0.0066666666666663765
-0.03999999999999959
-0.033333333333333215
0.0033333333333334103
0.043333333333333446
0.09666666666666623
0.046666666666666856
0.09666666666666623
0.11333333333333329
0.07000000000000028
0.033333333333333215
0.020000000000000018
0.033333333333333215
0.13666666666666671
0.06333333333333302
0.07666666666666666
0.1033333333333335
0.033333333333333215
0.009999999999999787
-0.013333333333333197
0.09666666666666623
0.01666666666666705
-0.01666666666666705
-0.01666666666666705
0.029999999999999805
0.046666666666666856
0.009999999999999787
0.0066666666666663765
0.06000000000000005
-0.033333333333333215
0.0733333333333337
0.09666666666666623
0.06333333333333302
0.020000000000000018
0.05666666666666664
0.05666666666666664
0.08333333333333348
0.09666666666666623
0.05666666666666664
0.08666666666666645
0.06666666666666643
0.11999999999999966
0.05666666666666664
0.029999999999999805
0.07000000000000028
0.036666666666666625
0.029999999999999805
0.03999999999999959
0.1333333333333333
0.0733333333333337
0.029999999999999805
0.0733333333333337
0.06666666666666643
0.020000000000000018
0.036666666666666625
0.07000000000000028
0.06000000000000005
0.03999999999999959
0.08000000000000007
0.05333333333333323
0.029999999999999805
0.013333333333333197
0.02666666666666684
0.029999999999999805
0.046666666666666856
0.0
0.043333333333333446
-0.0066666666666663765
0.03999999999999959
0.05666666666666664
0.07000000000000028
0.10999999999999988
0.05666666666666664
0.01666666666666705
0.06000000000000005
0.06000000000000005
-0.023333333333333428
0.03999999999999959
0.0066666666666663765
0.046666666666666856
-0.013333333333333197
0.043333333333333446
-0.029999999999999805
0.08333333333333348
0.0066666666666663765
0.02666666666666684
0.08666666666666645
0.06333333333333302
0.036666666666666625
0.05666666666666664
0.09333333333333327
0.12666666666666693
0.09666666666666623
0.036666666666666625
0.08666666666666645
0.036666666666666625
0.06000000000000005
0.036666666666666625
0.06000000000000005
0.03999999999999959
0.013333333333333197
0.08999999999999986
0.02666666666666684
0.12666666666666693
0.02666666666666684
0.07666666666666666
0.0733333333333337
0.05333333333333323
0.036666666666666625
0.06333333333333302
0.1499999999999999
0.06666666666666643
0.043333333333333446
0.10666666666666691
0.009999999999999787
0.013333333333333197
0.03999999999999959
0.029999999999999805
0.029999999999999805
0.020000000000000018
0.02666666666666684
0.036666666666666625
0.08333333333333348
0.08000000000000007
0.03999999999999959
0.01666666666666705
0.043333333333333446
0.12333333333333307
-0.009999999999999787
0.0
0.01666666666666705
-0.009999999999999787
-0.020000000000000018
0.029999999999999805
0.009999999999999787
-0.0066666666666663765
0.0033333333333334103
0.01666666666666705
0.06000000000000005
0.029999999999999805
0.06666666666666643
0.07000000000000028
0.009999999999999787
-0.0066666666666663765
-0.0033333333333334103
0.02666666666666684
0.08000000000000007
-0.029999999999999805
0.029999999999999805
-0.01666666666666705
0.033333333333333215
-0.03999999999999959
-0.013333333333333197
0.020000000000000018
0.023333333333333428
-0.046666666666666856
0.013333333333333197
-0.0033333333333334103
-0.013333333333333197
-0.0033333333333334103
-0.03999999999999959
-0.013333333333333197
0.050000000000000266
0.0
-0.033333333333333215
-0.029999999999999805
-0.020000000000000018
0.05666666666666664
-0.050000000000000266
-0.03999999999999959
-0.043333333333333446
-0.046666666666666856
0.0733333333333337
0.020000000000000018
0.06333333333333302
-0.01666666666666705
0.050000000000000266
0.0066666666666663765
0.046666666666666856
-0.02666666666666684
-0.033333333333333215
-0.036666666666666625
0.0066666666666663765
-0.06666666666666643
0.02666666666666684
0.08999999999999986
0.0
0.046666666666666856
0.050000000000000266
0.05333333333333323
0.06000000000000005
0.023333333333333428
0.10999999999999988
0.0033333333333334103
0.020000000000000018
-0.0066666666666663765
-0.013333333333333197
0.036666666666666625
0.043333333333333446
0.046666666666666856
0.08333333333333348
0.050000000000000266
-0.013333333333333197
0.03999999999999959
0.013333333333333197
0.050000000000000266
0.036666666666666625
0.1333333333333333
0.020000000000000018
0.06666666666666643
0.15666666666666673
0.08666666666666645
0.16000000000000014
0.1499999999999999
0.19666666666666677
0.10666666666666691
0.12666666666666693
0.18333333333333357
0.2100000000000004
0.19666666666666677
0.27666666666666684
0.16000000000000014
0.17333333333333334
0.13666666666666671
0.16333333333333355
0.2100000000000004
0.27666666666666684
0.23333333333333295
0.20333333333333314
0.18999999999999995
0.18666666666666698
0.15333333333333377
0.16000000000000014
0.1466666666666665
0.10666666666666691
0.15666666666666673
0.1333333333333333
0.09666666666666623
0.0033333333333334103
0.07666666666666666
0.03999999999999959
0.050000000000000266
0.0733333333333337
0.029999999999999805
0.029999999999999805
0.07666666666666666
0.05666666666666664
0.01666666666666705
0.07666666666666666
0.009999999999999787
0.009999999999999787
0.07000000000000028
0.05666666666666664
0.036666666666666625
0.02666666666666684
0.029999999999999805
-0.02666666666666684
-0.023333333333333428
0.11999999999999966
0.023333333333333428
0.009999999999999787
0.08000000000000007
0.1499999999999999
-0.043333333333333446
-0.01666666666666705
0.01666666666666705
0.0733333333333337
0.009999999999999787
-0.0066666666666663765
0.01666666666666705
0.023333333333333428
0.036666666666666625
0.029999999999999805
0.0
0.046666666666666856
0.07666666666666666
0.020000000000000018
0.02666666666666684
0.07000000000000028
0.033333333333333215
0.09666666666666623
0.046666666666666856
0.08999999999999986
0.020000000000000018
-0.023333333333333428
0.06333333333333302
0.06000000000000005
0.07666666666666666
-0.01666666666666705
-0.01666666666666705
0.050000000000000266
-0.029999999999999805
0.033333333333333215
-0.033333333333333215
0.0066666666666663765
-0.0033333333333334103
0.023333333333333428
-0.029999999999999805
0.029999999999999805
-0.020000000000000018
0.08000000000000007
-0.033333333333333215
-0.06000000000000005
-0.0033333333333334103
0.0066666666666663765
-0.08999999999999986
-0.01666666666666705
0.020000000000000018
-0.05666666666666664
-0.03999999999999959
-0.08000000000000007
-0.029999999999999805
0.10000000000000009
-0.050000000000000266
0.0033333333333334103
0.020000000000000018
0.043333333333333446
0.036666666666666625
0.009999999999999787
-0.0033333333333334103
0.0733333333333337
0.043333333333333446
0.036666666666666625
0.046666666666666856
0.036666666666666625
0.046666666666666856
0.023333333333333428
0.01666666666666705
0.033333333333333215
0.07000000000000028
0.020000000000000018
0.009999999999999787
-0.013333333333333197
-0.01666666666666705
0.0
0.020000000000000018
-0.013333333333333197
0.02666666666666684
0.023333333333333428
0.06333333333333302
-0.01666666666666705
0.03999999999999959
0.06000000000000005
0.0033333333333334103
0.029999999999999805
0.09666666666666623
0.06333333333333302
0.1033333333333335
0.029999999999999805
0.06000000000000005
0.033333333333333215
0.033333333333333215
0.07666666666666666
0.036666666666666625
0.009999999999999787
0.01666666666666705
0.10000000000000009
-0.009999999999999787
0.08999999999999986
0.013333333333333197
0.02666666666666684
0.02666666666666684
0.10000000000000009
0.05333333333333323
0.06666666666666643
0.10666666666666691
0.043333333333333446
0.16000000000000014
0.07666666666666666
0.08666666666666645
0.06000000000000005
0.020000000000000018
0.07666666666666666
0.043333333333333446
0.09333333333333327
0.02666666666666684
0.05666666666666664
0.09333333333333327
0.09666666666666623
0.08666666666666645
0.07000000000000028
0.06333333333333302
0.11999999999999966
0.08333333333333348
0.08000000000000007
0.09333333333333327
0.11333333333333329
0.17999999999999972
0.10000000000000009
0.11333333333333329
0.08000000000000007
0.10999999999999988
0.08000000000000007
0.10000000000000009
0.10999999999999988
0.18999999999999995
0.020000000000000018
0.08666666666666645
0.023333333333333428
0.0033333333333334103
0.029999999999999805
0.07666666666666666
0.029999999999999805
0.06333333333333302
-0.009999999999999787
0.020000000000000018
0.029999999999999805
0.033333333333333215
0.043333333333333446
0.036666666666666625
-0.0033333333333334103
0.029999999999999805
0.029999999999999805
0.10999999999999988
0.08666666666666645
0.06000000000000005
0.0733333333333337
0.05666666666666664
0.13666666666666671
0.10999999999999988
0.08333333333333348
0.1166666666666667
0.08666666666666645
0.036666666666666625
0.11333333333333329
0.1333333333333333
0.16333333333333355
0.09333333333333327
0.1766666666666663
0.07000000000000028
0.09666666666666623
0.1499999999999999
0.08333333333333348
0.050000000000000266
0.13666666666666671
0.16333333333333355
0.08000000000000007
0.10999999999999988
0.06000000000000005
0.0733333333333337
0.050000000000000266
0.07666666666666666
-0.0033333333333334103
0.050000000000000266
0.033333333333333215
0.1466666666666665
0.02666666666666684
0.09666666666666623
0.06000000000000005
0.08666666666666645
0.033333333333333215
0.05666666666666664
0.033333333333333215
0.036666666666666625
0.1033333333333335
-0.023333333333333428
0.029999999999999805
0.09333333333333327
0.05333333333333323
-0.023333333333333428
-0.013333333333333197
-0.013333333333333197
0.0033333333333334103
0.08000000000000007
0.02666666666666684
-0.0066666666666663765
0.16000000000000014
-0.013333333333333197
-0.0033333333333334103
0.043333333333333446
0.02666666666666684
0.043333333333333446
0.07666666666666666
0.05666666666666664
0.07000000000000028
0.05333333333333323
0.06333333333333302
0.14000000000000012
0.020000000000000018
0.05666666666666664
-0.01666666666666705
0.046666666666666856
-0.01666666666666705
-0.013333333333333197
0.02666666666666684
0.06333333333333302
0.08666666666666645
0.009999999999999787
-0.013333333333333197
0.050000000000000266
0.013333333333333197
-0.0033333333333334103
0.06000000000000005
0.1033333333333335
0.050000000000000266
0.05333333333333323
0.06000000000000005
-0.0033333333333334103
0.06000000000000005
0.06666666666666643
-0.009999999999999787
0.06666666666666643
0.05666666666666664
0.05333333333333323
0.08666666666666645
0.06666666666666643
0.08999999999999986
0.0066666666666663765
0.11333333333333329
0.046666666666666856
0.036666666666666625
0.03999999999999959
0.06333333333333302
0.050000000000000266
0.03999999999999959
0.01666666666666705
0.03999999999999959
0.033333333333333215
0.08666666666666645
0.1333333333333333
0.05333333333333323
0.10999999999999988
0.10666666666666691
0.10999999999999988
0.02666666666666684
0.046666666666666856
0.08333333333333348
0.09666666666666623
0.08000000000000007
0.06000000000000005
-0.0066666666666663765
0.09666666666666623
0.08666666666666645
0.009999999999999787
0.036666666666666625
0.06333333333333302
0.05333333333333323
0.050000000000000266
0.023333333333333428
0.02666666666666684
0.023333333333333428
0.029999999999999805
0.1333333333333333
0.036666666666666625
0.07000000000000028
0.07000000000000028
0.10999999999999988
0.0066666666666663765
0.09333333333333327
0.0033333333333334103
0.12333333333333307
