-0.023333333333333428
-0.10666666666666691
0.0066666666666663765
0.4933333333333336
0.020000000000000018
0.046666666666666856
0.3533333333333335
0.2100000000000004
0.34666666666666623
0.41000000000000014
0.0733333333333337
0.15666666666666673
0.436666666666667
0.2400000000000002
0.3333333333333335
0.18999999999999995
0.20333333333333314
-0.050000000000000266
0.009999999999999787
0.16999999999999993
0.29666666666666686
0.31000000000000005
0.1433333333333331
0.20333333333333314
0.30000000000000027
0.13666666666666671
0.313333333333333
0.3966666666666665
0.43999999999999995
0.32666666666666666
0.24333333333333362
0.3733333333333331
0.2833333333333332
0.5833333333333335
0.44999999999999973
0.5800000000000001
0.73
0.6266666666666669
0.5800000000000001
0.7433333333333336
0.48333333333333295
1.0533333333333337
0.6266666666666669
0.9866666666666668
1.076666666666667
1.173333333333333
0.6499999999999999
0.7100000000000004
0.7533333333333334
0.45666666666666655
0.6099999999999999
0.4633333333333334
0.6133333333333333
0.73
0.69
1.0099999999999998
0.3900000000000001
0.5966666666666662
0.3766666666666669
0.4166666666666665
0.5500000000000003
0.6533333333333338
0.5299999999999998
0.26666666666666705
0.45333333333333314
0.16000000000000014
0.29333333333333345
0.47333333333333316
0.4266666666666663
0.3766666666666669
0.5800000000000001
0.12333333333333307
0.38000000000000034
0.07666666666666666
0.38000000000000034
0.29666666666666686
0.3533333333333335
0.13666666666666671
0.3900000000000001
0.36999999999999966
0.27333333333333343
0.3966666666666665
0.27333333333333343
0.4900000000000002
0.3566666666666669
0.3999999999999999
0.6499999999999999
0.5099999999999998
0.5500000000000003
0.4966666666666666
0.813333333333333
0.6000000000000001
0.9766666666666666
0.8733333333333331
0.9100000000000001
1.1900000000000004
1.003333333333333
1.3600000000000003
1.3533333333333335
1.1399999999999997
1.1866666666666665
1.3566666666666665
1.5533333333333337
1.1966666666666663
1.33
1.543333333333334
1.4666666666666668
1.6033333333333335
1.8633333333333333
1.836666666666667
1.7166666666666668
1.873333333333333
1.9699999999999998
1.9533333333333331
2.2366666666666672
1.8966666666666665
2.16
2.156666666666667
2.3200000000000003
2.1833333333333336
2.2333333333333334
2.376666666666666
2.5300000000000002
2.6366666666666667
2.743333333333333
2.713333333333334
2.88
2.706666666666667
2.8599999999999994
2.7366666666666672
2.916666666666667
3.0233333333333334
2.953333333333333
3.046666666666667
2.84
2.913333333333333
2.9866666666666672
2.916666666666667
2.9699999999999998
2.920000000000001
2.996666666666666
2.873333333333334
2.9266666666666667
3.1366666666666667
3.05
3.170000000000001
3.0933333333333337
3.046666666666667
3.1433333333333335
3.12
3.0966666666666667
3.05
3.170000000000001
3.253333333333334
3.326666666666667
3.4033333333333333
3.329999999999999
3.3166666666666664
3.1866666666666665
3.21
3.3033333333333337
3.38
3.2666666666666666
3.3133333333333335
3.373333333333334
3.29
3.543333333333333
3.296666666666667
3.4466666666666663
3.5666666666666664
3.4433333333333325
3.4366666666666665
3.54
3.703333333333333
3.7
3.6900000000000004
3.7
3.6533333333333333
3.7300000000000004
3.703333333333333
3.703333333333333
3.5
3.4400000000000004
3.579999999999999
3.586666666666667
3.7600000000000007
3.6000000000000005
3.6099999999999994
3.7300000000000004
3.6799999999999997
3.713333333333334
3.703333333333333
3.6033333333333326
3.716666666666666
3.7600000000000007
3.623333333333334
3.5533333333333337
3.663333333333333
3.543333333333333
3.5166666666666666
3.5666666666666664
3.6033333333333326
3.54
3.533333333333334
3.6066666666666665
3.5633333333333335
3.71
3.5733333333333333
3.6933333333333325
3.783333333333334
3.6400000000000006
3.6766666666666667
3.7766666666666664
3.8033333333333337
3.7266666666666666
3.713333333333334
3.7
3.8033333333333337
3.713333333333334
3.7766666666666664
3.6833333333333336
3.786666666666666
3.75
3.6866666666666665
3.6866666666666665
3.7399999999999993
3.8966666666666674
3.8033333333333337
3.88
3.75
3.753333333333334
3.8166666666666664
3.6933333333333325
3.88
3.883333333333333
3.673333333333333
3.586666666666667
3.59
3.7666666666666666
3.75
3.8166666666666664
3.7399999999999993
3.7666666666666666
3.7766666666666664
3.84
3.8966666666666674
3.923333333333333
3.8999999999999995
3.7
3.9333333333333336
3.87
3.8066666666666675
3.716666666666666
3.883333333333333
3.7399999999999993
3.8099999999999996
3.8599999999999994
3.703333333333333
3.8133333333333335
3.9333333333333336
3.7699999999999996
3.783333333333334
3.7333333333333334
3.96
3.7199999999999998
3.829999999999999
3.8566666666666665
3.7733333333333334
3.6066666666666665
3.6499999999999995
3.7366666666666672
3.8066666666666675
3.7266666666666666
3.7666666666666666
3.6366666666666667
3.713333333333334
3.633333333333333
3.6966666666666663
3.6799999999999997
3.6799999999999997
3.793333333333333
3.743333333333333
3.713333333333334
3.713333333333334
3.6766666666666667
3.8033333333333337
3.8033333333333337
3.920000000000001
3.7800000000000002
3.703333333333333
3.6900000000000004
3.6066666666666665
3.576666666666667
3.7399999999999993
3.7800000000000002
3.783333333333334
3.743333333333333
3.6933333333333325
3.75
3.7333333333333334
3.8200000000000003
3.6533333333333333
3.6933333333333325
3.7600000000000007
3.579999999999999
3.706666666666667
3.7699999999999996
3.8099999999999996
3.793333333333333
3.75
3.6933333333333325
3.7766666666666664
3.883333333333333
3.8566666666666665
3.7199999999999998
3.793333333333333
3.7300000000000004
3.75
3.7800000000000002
3.670000000000001
3.8599999999999994
3.7199999999999998
3.7399999999999993
3.633333333333333
3.8099999999999996
3.6933333333333325
3.7733333333333334
3.783333333333334
3.7733333333333334
3.8599999999999994
3.6833333333333336
3.783333333333334
3.8599999999999994
3.7699999999999996
3.8999999999999995
3.7199999999999998
3.833333333333333
3.829999999999999
3.7233333333333336
3.8200000000000003
3.8099999999999996
3.8200000000000003
3.796666666666667
3.7699999999999996
3.7766666666666664
3.7399999999999993
3.7800000000000002
3.753333333333334
3.8200000000000003
3.6900000000000004
3.7233333333333336
3.63
3.5633333333333335
3.7333333333333334
3.616666666666667
3.743333333333333
3.7333333333333334
3.633333333333333
3.6566666666666663
3.6033333333333326
3.7
3.670000000000001
3.783333333333334
3.7233333333333336
3.8099999999999996
3.703333333333333
3.7600000000000007
3.453333333333333
3.62
3.4699999999999998
3.6000000000000005
3.543333333333333
3.6099999999999994
3.66
3.71
3.71
3.7600000000000007
3.8599999999999994
3.71
3.796666666666667
3.7300000000000004
3.753333333333334
3.783333333333334
3.833333333333333
3.833333333333333
3.7600000000000007
3.7199999999999998
3.6933333333333325
3.743333333333333
3.6799999999999997
3.7699999999999996
3.703333333333333
3.796666666666667
3.783333333333334
3.8500000000000005
3.8599999999999994
3.8599999999999994
3.8200000000000003
3.7699999999999996
3.88
3.873333333333334
3.8466666666666667
3.673333333333333
3.829999999999999
3.829999999999999
3.8166666666666664
3.8566666666666665
3.84
3.783333333333334
3.8200000000000003
3.9066666666666663
3.8599999999999994
3.8099999999999996
3.873333333333334
3.95
3.8166666666666664
3.873333333333334
3.8200000000000003
4.0
3.88
3.7699999999999996
3.6466666666666674
3.793333333333333
3.5933333333333337
3.7333333333333334
3.5566666666666675
3.6933333333333325
3.8599999999999994
3.7333333333333334
3.8466666666666667
3.8500000000000005
3.8200000000000003
3.6799999999999997
3.7733333333333334
3.7600000000000007
3.6933333333333325
3.833333333333333
3.706666666666667
3.8066666666666675
3.783333333333334
3.7699999999999996
3.66
3.6400000000000006
3.5633333333333335
3.7666666666666666
3.6366666666666667
3.6499999999999995
3.5233333333333334
3.7199999999999998
3.7333333333333334
3.6866666666666665
3.6533333333333333
3.6766666666666667
3.666666666666667
3.716666666666666
3.5533333333333337
3.6033333333333326
3.6433333333333335
3.6433333333333335
3.493333333333333
3.6833333333333336
3.6033333333333326
3.5199999999999996
3.62
3.503333333333334
3.4833333333333334
3.3933333333333335
3.5933333333333337
3.579999999999999
3.633333333333333
3.75
3.793333333333333
3.6533333333333333
3.7333333333333334
3.4800000000000004
3.6066666666666665
3.6833333333333336
3.7
3.66
3.583333333333333
3.5599999999999996
3.753333333333334
3.8500000000000005
3.873333333333334
3.91
3.87
3.7699999999999996
3.703333333333333
3.7699999999999996
3.95
3.7600000000000007
3.6433333333333335
3.5933333333333337
3.5300000000000002
3.66
3.46
3.4800000000000004
3.633333333333333
3.4800000000000004
3.62
3.5700000000000003
3.4899999999999993
3.453333333333333
3.5700000000000003
3.4400000000000004
3.4299999999999997
3.4400000000000004
3.3533333333333326
3.4033333333333333
3.38
3.3533333333333326
3.243333333333333
3.3433333333333337
3.2800000000000002
3.2600000000000007
3.2800000000000002
3.2699999999999996
3.2199999999999998
3.2699999999999996
3.3433333333333337
2.9866666666666672
3.0666666666666664
3.253333333333334
3.203333333333333
3.166666666666667
3.3599999999999994
3.37
3.3200000000000003
3.420000000000001
3.4800000000000004
3.6000000000000005
3.7
3.5933333333333337
3.493333333333333
3.71
3.6499999999999995
3.670000000000001
3.579999999999999
3.5700000000000003
3.66
3.7333333333333334
3.716666666666666
3.633333333333333
3.7199999999999998
3.670000000000001
3.5700000000000003
3.5199999999999996
3.5700000000000003
3.623333333333334
3.55
3.4400000000000004
3.6000000000000005
3.37
3.4333333333333336
3.3633333333333333
3.4033333333333333
3.37
3.5599999999999996
3.4433333333333325
3.55
3.5
3.579999999999999
3.5599999999999996
3.3900000000000006
3.37
3.420000000000001
3.66
3.533333333333334
3.6499999999999995
3.5100000000000007
3.6499999999999995
3.5599999999999996
3.55
3.5533333333333337
3.8
3.5533333333333337
3.8599999999999994
3.6033333333333326
3.7333333333333334
3.743333333333333
3.7199999999999998
3.670000000000001
3.59
3.5700000000000003
3.63
3.4699999999999998
3.533333333333334
3.623333333333334
3.4433333333333325
3.6066666666666665
3.6066666666666665
3.5199999999999996
3.66
3.6566666666666663
3.413333333333333
3.5533333333333337
3.453333333333333
3.503333333333334
3.543333333333333
3.7333333333333334
3.71
3.670000000000001
3.6566666666666663
3.6900000000000004
3.6400000000000006
3.5300000000000002
3.579999999999999
3.579999999999999
3.670000000000001
3.623333333333334
3.8
3.71
3.63
3.6400000000000006
3.8500000000000005
3.6499999999999995
3.8099999999999996
3.45
3.583333333333333
3.7333333333333334
3.6066666666666665
3.5300000000000002
3.5700000000000003
3.4833333333333334
3.5100000000000007
3.546666666666667
3.4433333333333325
3.5199999999999996
3.466666666666666
3.3933333333333335
3.420000000000001
3.333333333333333
3.3566666666666665
3.2733333333333334
3.41
3.4433333333333325
3.3500000000000005
3.3599999999999994
3.2333333333333334
3.09
3.166666666666667
3.2666666666666666
3.41
3.383333333333333
3.3433333333333337
3.3933333333333335
3.253333333333334
3.243333333333333
3.2199999999999998
3.1433333333333335
3.1433333333333335
3.2800000000000002
3.033333333333334
3.0100000000000007
3.13
3.3033333333333337
3.3200000000000003
3.4333333333333336
3.1099999999999994
3.21
3.170000000000001
3.21
3.2266666666666666
3.366666666666667
3.2733333333333334
3.329999999999999
3.3433333333333337
3.333333333333333
3.213333333333334
3.3900000000000006
3.2733333333333334
3.1466666666666674
3.376666666666666
3.55
3.286666666666666
3.3233333333333333
3.329999999999999
3.329999999999999
3.466666666666666
3.4066666666666663
3.4333333333333336
3.496666666666666
3.3200000000000003
3.4800000000000004
3.5599999999999996
3.3966666666666674
3.4833333333333334
3.5
3.54
3.5666666666666664
3.4866666666666672
3.4366666666666665
3.5233333333333334
3.4699999999999998
3.4333333333333336
3.4733333333333336
3.5300000000000002
3.41
3.5199999999999996
3.3233333333333333
3.3099999999999996
3.4466666666666663
3.6033333333333326
3.413333333333333
3.3500000000000005
3.4266666666666667
3.3633333333333333
3.4066666666666663
3.376666666666666
3.333333333333333
3.2800000000000002
3.3599999999999994
3.16
3.1799999999999997
3.04
2.963333333333334
2.8133333333333335
2.8633333333333333
2.993333333333333
2.9800000000000004
3.16
2.963333333333334
2.956666666666667
2.9800000000000004
2.829999999999999
2.8433333333333337
2.993333333333333
2.8233333333333333
2.96
2.829999999999999
2.829999999999999
3.0700000000000003
3.1000000000000005
2.993333333333333
3.12
3.0300000000000002
3.1799999999999997
3.1433333333333335
3.2699999999999996
3.1900000000000004
3.21
3.170000000000001
3.243333333333333
3.213333333333334
3.2699999999999996
3.253333333333334
3.3566666666666665
3.3433333333333337
3.5100000000000007
3.6066666666666665
3.6533333333333333
3.706666666666667
3.7199999999999998
3.6933333333333325
3.7199999999999998
3.63
3.5933333333333337
3.7800000000000002
3.8200000000000003
3.7800000000000002
3.7399999999999993
3.7699999999999996
3.7766666666666664
3.8599999999999994
3.8200000000000003
3.833333333333333
3.7699999999999996
3.88
3.7633333333333328
3.8133333333333335
3.7699999999999996
3.920000000000001
3.88
3.8033333333333337
3.66
3.8533333333333326
3.9066666666666663
3.8933333333333335
3.7800000000000002
3.793333333333333
3.6833333333333336
3.96
3.7
3.826666666666667
3.8433333333333337
3.8533333333333326
3.91
3.833333333333333
3.9333333333333336
3.7666666666666666
3.79
3.8200000000000003
3.84
3.8933333333333335
3.91
3.920000000000001
3.786666666666666
3.7800000000000002
3.7733333333333334
3.8033333333333337
3.756666666666667
3.826666666666667
3.7766666666666664
3.8533333333333326
3.7366666666666672
3.8033333333333337
3.7766666666666664
3.79
3.8033333333333337
3.7733333333333334
3.8133333333333335
3.7733333333333334
3.793333333333333
3.753333333333334
3.91
3.6566666666666663
3.7766666666666664
3.7366666666666672
3.883333333333333
3.8133333333333335
3.7633333333333328
3.7733333333333334
3.706666666666667
3.96
3.7733333333333334
3.84
3.7666666666666666
3.8933333333333335
3.7699999999999996
3.7633333333333328
3.96
3.66
3.6966666666666663
3.829999999999999
3.829999999999999
3.633333333333333
3.623333333333334
3.63
3.6099999999999994
3.6000000000000005
3.5733333333333333
3.5199999999999996
3.7199999999999998
3.6133333333333333
3.583333333333333
3.623333333333334
3.673333333333333
3.6499999999999995
3.5
3.6799999999999997
3.503333333333334
3.543333333333333
3.6533333333333333
3.7300000000000004
3.71
3.7199999999999998
3.783333333333334
3.7600000000000007
3.703333333333333
3.5733333333333333
3.6366666666666667
3.7300000000000004
3.670000000000001
3.6799999999999997
3.7199999999999998
3.6033333333333326
3.6433333333333335
3.706666666666667
3.7300000000000004
3.6433333333333335
3.753333333333334
3.6400000000000006
3.873333333333334
3.7233333333333336
3.6933333333333325
4.0
3.7633333333333328
3.8433333333333337
3.8133333333333335
3.8433333333333337
3.96
3.8433333333333337
3.88
3.7800000000000002
3.883333333333333
3.7733333333333334
3.96
3.8566666666666665
3.87
3.88
3.91
3.87
3.91
3.786666666666666
3.7733333333333334
3.79
3.8933333333333335
3.8133333333333335
3.88
3.7399999999999993
3.88
3.7800000000000002
3.7800000000000002
3.8099999999999996
3.7699999999999996
3.8200000000000003
3.7633333333333328
3.6966666666666663
3.8033333333333337
3.7199999999999998
3.833333333333333
3.7699999999999996
3.703333333333333
3.6799999999999997
3.7199999999999998
3.623333333333334
3.84
3.6133333333333333
3.623333333333334
3.6400000000000006
3.623333333333334
3.623333333333334
3.703333333333333
3.623333333333334
3.7266666666666666
3.7
3.66
3.7633333333333328
3.7766666666666664
3.793333333333333
3.753333333333334
3.75
3.5966666666666667
3.7633333333333328
3.829999999999999
3.7
3.666666666666667
3.7
3.7199999999999998
3.663333333333333
3.6799999999999997
3.793333333333333
3.5233333333333334
3.6766666666666667
3.6000000000000005
3.6533333333333333
3.583333333333333
3.493333333333333
3.5199999999999996
3.3966666666666674
3.463333333333334
3.4866666666666672
3.6133333333333333
3.6499999999999995
3.703333333333333
3.6533333333333333
3.8200000000000003
3.7699999999999996
3.663333333333333
3.7699999999999996
3.6433333333333335
3.7699999999999996
3.6133333333333333
3.7266666666666666
3.75
3.7333333333333334
3.8066666666666675
3.743333333333333
3.753333333333334
3.6033333333333326
3.923333333333333
3.7699999999999996
3.743333333333333
3.8066666666666675
3.8500000000000005
3.59
3.5933333333333337
3.6099999999999994
3.670000000000001
3.6033333333333326
3.6133333333333333
3.62
3.4433333333333325
3.5100000000000007
3.5199999999999996
3.503333333333334
3.5233333333333334
3.4699999999999998
3.533333333333334
3.46
3.616666666666667
3.579999999999999
3.6799999999999997
3.7199999999999998
3.6900000000000004
3.5966666666666667
3.71
3.623333333333334
3.62
3.6466666666666674
3.623333333333334
3.6499999999999995
3.4333333333333336
3.46
3.463333333333334
3.45
3.329999999999999
3.66
3.7233333333333336
3.63
3.673333333333333
3.6000000000000005
3.5533333333333337
3.6033333333333326
3.583333333333333
3.66
3.623333333333334
3.493333333333333
3.5
3.5
3.4400000000000004
3.5700000000000003
3.543333333333333
3.496666666666666
3.533333333333334
3.5199999999999996
3.543333333333333
3.62
3.706666666666667
3.623333333333334
3.5599999999999996
3.62
3.63
3.7199999999999998
3.7699999999999996
3.7199999999999998
3.579999999999999
3.71
3.75
3.616666666666667
3.71
3.6433333333333335
3.670000000000001
3.6433333333333335
3.6400000000000006
3.713333333333334
3.8599999999999994
3.783333333333334
3.8599999999999994
3.8599999999999994
3.91
3.829999999999999
3.9333333333333336
3.8166666666666664
3.7199999999999998
3.87
3.91
3.8033333333333337
3.8433333333333337
3.7199999999999998
3.703333333333333
3.8500000000000005
3.8099999999999996
3.6900000000000004
3.7699999999999996
3.616666666666667
3.5300000000000002
3.63
3.6533333333333333
3.7
3.5199999999999996
3.6499999999999995
3.5533333333333337
3.71
3.5700000000000003
3.6933333333333325
3.62
3.6533333333333333
3.6833333333333336
3.55
3.4800000000000004
3.62
3.616666666666667
3.75
3.5599999999999996
3.506666666666667
3.3200000000000003
3.41
3.4433333333333325
3.4699999999999998
3.4033333333333333
3.41
3.5100000000000007
3.3200000000000003
3.253333333333334
3.3099999999999996
3.383333333333333
3.3033333333333337
3.2
3.1799999999999997
3.2399999999999993
3.1533333333333333
3.0599999999999996
3.1366666666666667
3.1366666666666667
3.3466666666666667
3.4899999999999993
3.4899999999999993
3.423333333333333
3.54
3.503333333333334
3.4899999999999993
3.3999999999999995
3.453333333333333
3.4899999999999993
3.5700000000000003
3.543333333333333
3.5700000000000003
3.5533333333333337
3.413333333333333
3.34
3.336666666666667
3.4433333333333325
3.503333333333334
3.420000000000001
3.34
3.413333333333333
3.329999999999999
3.383333333333333
3.2633333333333328
3.3200000000000003
3.333333333333333
3.4800000000000004
3.3433333333333337
3.293333333333333
3.3033333333333337
3.41
3.3200000000000003
3.3033333333333337
3.5100000000000007
3.2800000000000002
3.3099999999999996
3.283333333333334
3.170000000000001
3.16
3.133333333333333
3.13
3.09
3.2199999999999998
3.0133333333333328
3.133333333333333
3.293333333333333
3.38
3.2600000000000007
3.3200000000000003
3.3133333333333335
3.16
3.333333333333333
3.3999999999999995
3.3933333333333335
3.3200000000000003
3.4299999999999997
3.3599999999999994
3.4333333333333336
3.3599999999999994
3.3999999999999995
3.2633333333333328
3.293333333333333
3.253333333333334
3.2300000000000004
3.3533333333333326
3.4299999999999997
3.3433333333333337
3.329999999999999
3.4699999999999998
3.3433333333333337
3.243333333333333
3.1933333333333325
3.1400000000000006
3.133333333333333
3.333333333333333
3.1099999999999994
3.033333333333334
3.043333333333333
2.96
2.96
2.9333333333333336
2.7233333333333336
2.7699999999999996
2.7600000000000007
2.8033333333333337
2.9699999999999998
3.083333333333333
3.033333333333334
3.006666666666667
3.0100000000000007
3.0100000000000007
2.753333333333334
2.8133333333333335
2.7333333333333334
2.6900000000000004
2.7633333333333328
2.8
2.87
2.9299999999999997
2.87
2.796666666666667
2.88
2.88
3.0100000000000007
3.0599999999999996
3.043333333333333
3.0300000000000002
3.083333333333333
2.88
3.0533333333333337
2.96
3.16
3.04
3.0933333333333337
3.0700000000000003
3.13
3.043333333333333
3.1466666666666674
3.12
3.05
3.0100000000000007
2.87
2.7699999999999996
2.753333333333334
2.62
2.7333333333333334
2.7733333333333334
2.883333333333333
2.7300000000000004
2.6833333333333336
2.9733333333333336
3.0700000000000003
2.95
2.9299999999999997
3.043333333333333
3.0233333333333334
3.0199999999999996
3.2333333333333334
3.170000000000001
3.3099999999999996
3.2733333333333334
3.2600000000000007
3.3099999999999996
3.256666666666667
3.1099999999999994
3.25
3.1433333333333335
3.1433333333333335
3.2600000000000007
3.036666666666666
3.1799999999999997
3.1533333333333333
3.2800000000000002
3.3166666666666664
3.3
3.55
3.5300000000000002
3.670000000000001
3.666666666666667
3.8999999999999995
3.586666666666667
3.7199999999999998
3.753333333333334
3.8
3.6933333333333325
3.7233333333333336
3.6499999999999995
3.63
3.62
3.6966666666666663
3.666666666666667
3.670000000000001
3.6499999999999995
3.743333333333333
3.6033333333333326
3.5700000000000003
3.4899999999999993
3.783333333333334
3.59
3.62
3.716666666666666
3.62
3.5700000000000003
3.6000000000000005
3.6799999999999997
3.626666666666666
3.6933333333333325
3.6799999999999997
3.5233333333333334
3.626666666666666
3.5199999999999996
3.6533333333333333
3.543333333333333
3.623333333333334
3.616666666666667
3.5933333333333337
3.5533333333333337
3.670000000000001
3.576666666666667
3.6033333333333326
3.579999999999999
3.6033333333333326
3.5666666666666664
3.55
3.5266666666666664
3.5133333333333328
3.6133333333333333
3.5100000000000007
3.616666666666667
3.6866666666666665
3.826666666666667
3.8033333333333337
3.7366666666666672
3.626666666666666
3.496666666666666
3.4800000000000004
3.4899999999999993
3.616666666666667
3.62
3.5633333333333335
3.6433333333333335
3.6133333333333333
3.63
3.59
3.4400000000000004
3.583333333333333
3.6033333333333326
3.496666666666666
3.493333333333333
3.576666666666667
3.533333333333334
3.6966666666666663
3.63
3.586666666666667
3.7666666666666666
3.7766666666666664
3.6766666666666667
3.673333333333333
3.75
3.7766666666666664
3.7800000000000002
3.633333333333333
3.8166666666666664
3.7233333333333336
3.7233333333333336
3.6866666666666665
3.920000000000001
3.829999999999999
3.7766666666666664
3.826666666666667
3.8433333333333337
3.79
3.6533333333333333
3.743333333333333
3.746666666666666
3.756666666666667
3.706666666666667
3.756666666666667
3.7
3.7666666666666666
3.793333333333333
3.829999999999999
3.7800000000000002
3.8066666666666675
3.91
3.8566666666666665
3.9333333333333336
3.826666666666667
3.6966666666666663
3.866666666666667
3.826666666666667
3.84
3.833333333333333
3.7800000000000002
3.716666666666666
3.87
3.8233333333333333
3.793333333333333
3.753333333333334
3.616666666666667
3.670000000000001
3.616666666666667
3.6799999999999997
3.703333333333333
3.7300000000000004
3.6900000000000004
3.7800000000000002
3.756666666666667
3.706666666666667
3.7666666666666666
3.8066666666666675
3.6833333333333336
3.753333333333334
3.783333333333334
3.833333333333333
3.716666666666666
3.6566666666666663
3.756666666666667
3.8233333333333333
3.756666666666667
3.8066666666666675
3.783333333333334
3.7800000000000002
3.7666666666666666
3.7399999999999993
3.576666666666667
3.796666666666667
3.7300000000000004
3.8166666666666664
3.793333333333333
3.8166666666666664
3.829999999999999
3.793333333333333
3.7666666666666666
3.8
3.833333333333333
3.8966666666666674
3.8966666666666674
3.716666666666666
3.783333333333334
3.7766666666666664
3.7800000000000002
3.673333333333333
3.7333333333333334
3.6066666666666665
3.633333333333333
3.6566666666666663
3.59
3.673333333333333
3.533333333333334
3.456666666666667
3.5566666666666675
3.533333333333334
3.373333333333334
3.4800000000000004
3.546666666666667
3.579999999999999
3.5666666666666664
3.59
3.536666666666666
3.3900000000000006
3.5666666666666664
3.6000000000000005
3.576666666666667
3.8
3.6466666666666674
3.6833333333333336
3.8433333333333337
3.8166666666666664
3.8066666666666675
3.8166666666666664
3.663333333333333
3.829999999999999
3.793333333333333
3.7800000000000002
3.793333333333333
3.7366666666666672
3.6533333333333333
3.7266666666666666
3.663333333333333
3.793333333333333
3.7699999999999996
3.6966666666666663
3.7766666666666664
3.7766666666666664
3.7733333333333334
3.8233333333333333
3.8200000000000003
3.8166666666666664
3.7699999999999996
3.8466666666666667
3.7300000000000004
3.8066666666666675
3.753333333333334
3.7766666666666664
3.743333333333333
3.7
3.8066666666666675
3.8166666666666664
3.753333333333334
3.7766666666666664
3.8566666666666665
3.7666666666666666
3.8566666666666665
3.8
3.8166666666666664
3.8200000000000003
3.7800000000000002
3.6366666666666667
3.8200000000000003
3.920000000000001
3.8133333333333335
3.753333333333334
3.87
3.713333333333334
3.866666666666667
3.7800000000000002
3.716666666666666
3.7800000000000002
3.7800000000000002
3.84
3.88
3.883333333333333
3.91
3.8533333333333326
3.9466666666666663
3.88
3.8066666666666675
4.0
3.8033333333333337
3.873333333333334
3.84
3.8566666666666665
3.829999999999999
3.79
3.8566666666666665
3.8966666666666674
3.7399999999999993
3.7800000000000002
3.6566666666666663
3.63
3.6066666666666665
3.756666666666667
3.706666666666667
3.8033333333333337
3.7300000000000004
3.7633333333333328
3.796666666666667
3.666666666666667
3.7266666666666666
3.703333333333333
3.5966666666666667
3.7666666666666666
3.533333333333334
3.6066666666666665
3.7266666666666666
3.716666666666666
3.7266666666666666
3.716666666666666
3.7399999999999993
3.6366666666666667
3.7399999999999993
3.6000000000000005
3.6933333333333325
3.6000000000000005
3.626666666666666
3.6866666666666665
3.6566666666666663
3.716666666666666
3.713333333333334
3.6533333333333333
3.7266666666666666
3.623333333333334
3.670000000000001
3.826666666666667
3.8433333333333337
3.826666666666667
3.7699999999999996
3.6933333333333325
3.920000000000001
3.79
3.87
3.7699999999999996
3.826666666666667
3.756666666666667
3.753333333333334
3.829999999999999
3.920000000000001
3.8566666666666665
3.8433333333333337
3.8033333333333337
3.829999999999999
3.88
3.8166666666666664
3.95
3.8999999999999995
3.91
3.7800000000000002
3.873333333333334
3.923333333333333
3.8466666666666667
3.7800000000000002
3.87
3.9066666666666663
3.7800000000000002
3.7800000000000002
3.873333333333334
3.796666666666667
3.9466666666666663
3.84
3.8
3.91
3.7733333333333334
3.753333333333334
3.8
3.746666666666666
3.7699999999999996
3.6933333333333325
3.673333333333333
3.6833333333333336
3.746666666666666
3.746666666666666
3.746666666666666
3.6799999999999997
3.746666666666666
3.7300000000000004
3.7199999999999998
3.6466666666666674
3.5700000000000003
3.5700000000000003
3.5666666666666664
3.3099999999999996
3.4800000000000004
3.2766666666666664
3.3133333333333335
3.463333333333334
3.45
3.423333333333333
3.493333333333333
3.3599999999999994
3.5166666666666666
3.4866666666666672
3.3933333333333335
3.336666666666667
3.3933333333333335
3.4366666666666665
3.5733333333333333
3.666666666666667
3.6900000000000004
3.7199999999999998
3.7266666666666666
3.6799999999999997
3.6033333333333326
3.7399999999999993
3.743333333333333
3.7399999999999993
3.6433333333333335
3.7699999999999996
3.5533333333333337
3.746666666666666
3.706666666666667
3.8433333333333337
3.8066666666666675
3.7633333333333328
3.6900000000000004
3.6966666666666663
3.6400000000000006
3.6933333333333325
3.6900000000000004
3.6366666666666667
3.5733333333333333
3.5
3.536666666666666
3.506666666666667
3.366666666666667
3.41
3.3900000000000006
3.4766666666666666
3.3866666666666667
3.2766666666666664
3.373333333333334
3.41
3.3966666666666674
3.3566666666666665
3.3900000000000006
3.413333333333333
3.366666666666667
3.2733333333333334
3.29
3.2766666666666664
3.1433333333333335
3.283333333333334
3.2300000000000004
3.336666666666667
3.1933333333333325
3.3500000000000005
3.4266666666666667
3.506666666666667
3.5166666666666666
3.453333333333333
3.496666666666666
3.5233333333333334
3.586666666666667
3.59
3.6900000000000004
3.713333333333334
3.59
3.54
3.5966666666666667
3.536666666666666
3.496666666666666
3.626666666666666
3.5300000000000002
3.4899999999999993
3.5
3.576666666666667
3.716666666666666
3.666666666666667
3.63
3.7233333333333336
3.6966666666666663
3.55
3.6933333333333325
3.7199999999999998
3.55
3.5100000000000007
3.4766666666666666
3.503333333333334
3.6066666666666665
3.753333333333334
3.7699999999999996
3.5933333333333337
3.6066666666666665
3.7333333333333334
3.716666666666666
3.91
3.7199999999999998
3.8066666666666675
3.666666666666667
3.7699999999999996
3.616666666666667
3.75
3.793333333333333
3.7266666666666666
3.716666666666666
3.6400000000000006
3.7699999999999996
3.5966666666666667
3.6133333333333333
3.6900000000000004
3.626666666666666
3.413333333333333
3.543333333333333
3.4899999999999993
3.5700000000000003
3.5133333333333328
3.5266666666666664
3.6066666666666665
3.4366666666666665
3.453333333333333
3.5300000000000002
3.63
3.62
3.6799999999999997
3.5966666666666667
3.6499999999999995
3.5166666666666666
3.6066666666666665
3.55
3.583333333333333
3.579999999999999
3.623333333333334
3.75
3.6000000000000005
3.579999999999999
3.66
3.75
3.8033333333333337
3.8200000000000003
3.8433333333333337
3.706666666666667
3.7199999999999998
3.796666666666667
3.703333333333333
3.8033333333333337
3.756666666666667
3.716666666666666
3.6766666666666667
3.7666666666666666
3.703333333333333
3.8966666666666674
3.783333333333334
3.829999999999999
3.8200000000000003
3.7699999999999996
3.746666666666666
3.7733333333333334
3.7199999999999998
3.8200000000000003
3.746666666666666
3.666666666666667
3.6933333333333325
3.6533333333333333
3.543333333333333
3.6799999999999997
3.7399999999999993
3.6533333333333333
3.59
3.7366666666666672
3.663333333333333
3.663333333333333
3.79
3.7300000000000004
3.743333333333333
3.743333333333333
3.6766666666666667
3.666666666666667
3.7199999999999998
3.616666666666667
3.6499999999999995
3.63
3.6499999999999995
3.6533333333333333
3.666666666666667
3.666666666666667
3.6900000000000004
3.8133333333333335
3.866666666666667
3.826666666666667
3.793333333333333
3.7600000000000007
3.5566666666666675
3.6766666666666667
3.7399999999999993
3.7
3.6766666666666667
3.8433333333333337
3.8533333333333326
3.9066666666666663
3.8566666666666665
3.8533333333333326
3.7266666666666666
3.7666666666666666
3.79
3.713333333333334
3.79
3.703333333333333
3.829999999999999
3.7633333333333328
3.623333333333334
3.5
3.66
3.673333333333333
3.79
3.7399999999999993
3.8
3.6900000000000004
3.75
3.71
3.7699999999999996
3.7666666666666666
3.6933333333333325
3.6433333333333335
3.63
3.6766666666666667
3.670000000000001
3.743333333333333
3.62
3.8200000000000003
3.87
3.783333333333334
3.8433333333333337
3.706666666666667
3.756666666666667
3.8200000000000003
3.79
3.79
3.716666666666666
3.7399999999999993
3.713333333333334
3.8166666666666664
3.7366666666666672
3.79
3.8033333333333337
3.6366666666666667
3.6766666666666667
3.5966666666666667
3.673333333333333
3.7233333333333336
3.673333333333333
3.7633333333333328
3.6966666666666663
3.79
3.7366666666666672
3.75
3.713333333333334
3.7300000000000004
3.6566666666666663
3.6833333333333336
3.7600000000000007
3.71
3.6900000000000004
3.703333333333333
3.6400000000000006
3.6366666666666667
3.6766666666666667
3.6900000000000004
3.753333333333334
3.546666666666667
3.666666666666667
3.4866666666666672
3.7
3.7266666666666666
3.753333333333334
3.8566666666666665
3.833333333333333
3.666666666666667
3.703333333333333
3.6966666666666663
3.59
3.5733333333333333
3.6133333333333333
3.6966666666666663
3.5166666666666666
3.6966666666666663
3.6433333333333335
3.6400000000000006
3.6566666666666663
3.5933333333333337
3.5599999999999996
3.746666666666666
3.5166666666666666
3.6033333333333326
3.6566666666666663
3.5533333333333337
3.6766666666666667
3.576666666666667
3.59
3.6033333333333326
3.743333333333333
3.7
3.8200000000000003
3.616666666666667
3.743333333333333
3.716666666666666
3.703333333333333
3.756666666666667
3.706666666666667
3.6533333333333333
3.7266666666666666
3.6900000000000004
3.6966666666666663
3.6900000000000004
3.6833333333333336
3.746666666666666
3.7300000000000004
3.663333333333333
3.7300000000000004
3.6533333333333333
3.7300000000000004
3.796666666666667
3.7
3.616666666666667
3.71
3.576666666666667
3.576666666666667
3.6033333333333326
3.4866666666666672
3.586666666666667
3.6900000000000004
3.8466666666666667
3.673333333333333
3.7666666666666666
3.716666666666666
3.59
3.663333333333333
3.6799999999999997
3.6799999999999997
3.5666666666666664
3.6400000000000006
3.753333333333334
3.6366666666666667
3.8133333333333335
3.6933333333333325
3.7399999999999993
3.8166666666666664
3.75
3.706666666666667
3.8166666666666664
3.8033333333333337
3.8166666666666664
3.920000000000001
3.79
3.873333333333334
3.8166666666666664
3.716666666666666
3.7600000000000007
3.756666666666667
3.703333333333333
3.703333333333333
3.6900000000000004
3.783333333333334
3.6766666666666667
3.743333333333333
3.63
3.5733333333333333
3.756666666666667
3.75
3.8200000000000003
3.75
3.8466666666666667
3.8533333333333326
3.883333333333333
3.7233333333333336
